{
  "lowlevel": {
    "average_loudness": 0.939551115036, 
    "barkbands": {
      "dmean": [
        0.000521641864907, 
        0.00244888989255, 
        0.0022597417701, 
        0.00351544911973, 
        0.00197159242816, 
        0.000622899620794, 
        0.000662860344164, 
        0.000478343572468, 
        0.000486944743898, 
        0.000490593374707, 
        0.000227286305744, 
        0.000281748914858, 
        0.000302396045299, 
        0.000275774335023, 
        0.000355207739631, 
        0.000397679890739, 
        0.000438402406871, 
        0.00042357048369, 
        0.000226577627473, 
        0.000200603157282, 
        0.00014546517923, 
        0.000109782762593, 
        8.75256009749e-05, 
        0.000124388752738, 
        0.000125684644445, 
        6.44388564979e-05, 
        2.9552506021e-05
      ], 
      "dmean2": [
        0.000867938564625, 
        0.00392197770998, 
        0.00378398294561, 
        0.00576116004959, 
        0.0032707490027, 
        0.00103212636895, 
        0.00105625169817, 
        0.000766558980104, 
        0.000793313025497, 
        0.000786374381278, 
        0.000368349690689, 
        0.000459185743239, 
        0.00049102329649, 
        0.000452239793958, 
        0.000589960603975, 
        0.000663233804516, 
        0.000733423919883, 
        0.000712794018909, 
        0.000372849026462, 
        0.000320766062941, 
        0.000223092414672, 
        0.000159325616551, 
        0.000126845974592, 
        0.000170700688614, 
        0.00016860057076, 
        8.72832679306e-05, 
        4.28924977314e-05
      ], 
      "dvar": [
        8.09747916719e-07, 
        2.78331772279e-05, 
        1.41712625918e-05, 
        3.45691369148e-05, 
        9.02562351257e-06, 
        8.59951228449e-07, 
        1.57274871526e-06, 
        9.58335022005e-07, 
        8.38244318402e-07, 
        8.17871807612e-07, 
        3.08942986749e-07, 
        3.53032362455e-07, 
        3.0524995509e-07, 
        2.48947742421e-07, 
        3.29683672362e-07, 
        3.42294100619e-07, 
        3.40467153137e-07, 
        3.08158007556e-07, 
        9.41914564123e-08, 
        8.36573406104e-08, 
        7.77692150677e-08, 
        4.75173109749e-08, 
        2.44906850355e-08, 
        7.76927677748e-08, 
        9.5134701894e-08, 
        1.88097537546e-08, 
        3.71987307624e-09
      ], 
      "dvar2": [
        2.13738735511e-06, 
        7.26678917999e-05, 
        3.96703399019e-05, 
        9.25025888137e-05, 
        2.48066426138e-05, 
        2.29664806284e-06, 
        4.00964017899e-06, 
        2.44824877882e-06, 
        2.10909342968e-06, 
        2.06987260754e-06, 
        7.81702055974e-07, 
        9.18399507555e-07, 
        7.84218855188e-07, 
        6.34883122075e-07, 
        8.85945610207e-07, 
        8.9367279088e-07, 
        9.40384495607e-07, 
        8.53362848829e-07, 
        2.40003600993e-07, 
        1.91365501223e-07, 
        1.85573000522e-07, 
        9.42400433246e-08, 
        4.9322061102e-08, 
        1.44503800925e-07, 
        1.70912400677e-07, 
        3.27110676324e-08, 
        7.54939133429e-09
      ], 
      "max": [
        0.0140503942966, 
        0.0591401234269, 
        0.0436389781535, 
        0.0767855346203, 
        0.0424281917512, 
        0.017255384475, 
        0.0236780308187, 
        0.0193212330341, 
        0.0194013826549, 
        0.019853124395, 
        0.0173465758562, 
        0.0137671157718, 
        0.0139702530578, 
        0.0103807318956, 
        0.0193170998245, 
        0.013778145425, 
        0.00959180854261, 
        0.00847718305886, 
        0.0064047104679, 
        0.00783479213715, 
        0.0128976469859, 
        0.00925684347749, 
        0.00349518447183, 
        0.00846138130873, 
        0.00979893002659, 
        0.00174348102883, 
        0.000771014543716
      ], 
      "mean": [
        0.000612555420958, 
        0.00325364968739, 
        0.00355737935752, 
        0.00625590141863, 
        0.00407803850248, 
        0.00112900254317, 
        0.00112435873598, 
        0.000765986333136, 
        0.000818488479126, 
        0.000894507567864, 
        0.000363259663573, 
        0.000497540109791, 
        0.000548710115254, 
        0.000489718455356, 
        0.000673696747981, 
        0.0007949329447, 
        0.000891416158993, 
        0.00100851582829, 
        0.000506300770212, 
        0.000456020556157, 
        0.000331970135449, 
        0.00024032665533, 
        0.000194626714801, 
        0.000262793939328, 
        0.000247184478212, 
        0.000114010748803, 
        4.14843234466e-05
      ], 
      "median": [
        0.000247912685154, 
        0.000703386263922, 
        0.00203234935179, 
        0.00359469885007, 
        0.00231503322721, 
        0.000796594482381, 
        0.000607261259574, 
        0.000318300386425, 
        0.000398277770728, 
        0.000541417626664, 
        0.00017283950001, 
        0.000252888421528, 
        0.000331384537276, 
        0.000289093703032, 
        0.000445389421657, 
        0.00052242889069, 
        0.000649957160931, 
        0.000673679984175, 
        0.000369502900867, 
        0.000306772708427, 
        0.000178343500011, 
        9.1003086709e-05, 
        6.6658911237e-05, 
        7.62174458941e-05, 
        5.12386286573e-05, 
        1.87390724022e-05, 
        6.29186524748e-06
      ], 
      "min": [
        5.2940553957e-25, 
        3.19246801861e-24, 
        3.15297004891e-25, 
        1.0404325922e-24, 
        7.38708836513e-24, 
        6.84473150444e-24, 
        6.99578259057e-24, 
        5.78975783917e-24, 
        1.40301215467e-23, 
        2.7119191987e-23, 
        1.20430882116e-23, 
        2.15543368142e-23, 
        2.76646230386e-23, 
        5.41744294427e-23, 
        5.36048403146e-23, 
        6.53167615628e-23, 
        8.50563270199e-23, 
        9.99744945312e-23, 
        1.52767925141e-22, 
        1.99892153212e-22, 
        2.51810080745e-22, 
        3.42840792188e-22, 
        3.83243269015e-22, 
        5.99653286058e-22, 
        7.96486224057e-22, 
        1.19242578651e-21, 
        1.95740377006e-21
      ], 
      "var": [
        1.00485044641e-06, 
        4.09756612498e-05, 
        1.93374235096e-05, 
        5.85961497563e-05, 
        2.14365118154e-05, 
        1.52914333285e-06, 
        2.86292174678e-06, 
        1.77193874151e-06, 
        1.55454335982e-06, 
        1.61581965585e-06, 
        5.86935584579e-07, 
        8.21144169549e-07, 
        6.49608580261e-07, 
        5.32346689397e-07, 
        7.12355642918e-07, 
        8.51672211866e-07, 
        7.06187790911e-07, 
        9.28952488266e-07, 
        2.41422725367e-07, 
        2.45143127131e-07, 
        1.90089608054e-07, 
        1.52018444055e-07, 
        8.7500879431e-08, 
        2.3723590914e-07, 
        2.77684790717e-07, 
        4.88835460999e-08, 
        7.06287028862e-09
      ]
    }, 
    "barkbands_crest": {
      "dmean": 2.43574261665, 
      "dmean2": 3.99875760078, 
      "dvar": 5.40342187881, 
      "dvar2": 14.7883071899, 
      "max": 26.844783783, 
      "mean": 8.89514732361, 
      "median": 8.12652397156, 
      "min": 1.93472349644, 
      "var": 15.9841098785
    }, 
    "barkbands_flatness_db": {
      "dmean": 0.019878314808, 
      "dmean2": 0.0309709701687, 
      "dvar": 0.000401977973524, 
      "dvar2": 0.000923509011045, 
      "max": 0.503174602985, 
      "mean": 0.102852188051, 
      "median": 0.0887058898807, 
      "min": 0.0107330810279, 
      "var": 0.00398744316772
    }, 
    "barkbands_kurtosis": {
      "dmean": 2.45749783516, 
      "dmean2": 3.96071100235, 
      "dvar": 42.448474884, 
      "dvar2": 105.48349762, 
      "max": 546.353637695, 
      "mean": 3.33161330223, 
      "median": 0.0345764160156, 
      "min": -1.9404425621, 
      "var": 311.888397217
    }, 
    "barkbands_skewness": {
      "dmean": 0.515503287315, 
      "dmean2": 0.81300252676, 
      "dvar": 0.310279548168, 
      "dvar2": 0.787132740021, 
      "max": 22.5261974335, 
      "mean": 1.30138206482, 
      "median": 1.06643474102, 
      "min": -3.246352911, 
      "var": 2.18154239655
    }, 
    "barkbands_spread": {
      "dmean": 6.68324947357, 
      "dmean2": 10.1057767868, 
      "dvar": 49.3106994629, 
      "dvar2": 99.0925827026, 
      "max": 96.4886703491, 
      "mean": 31.3480892181, 
      "median": 29.629863739, 
      "min": 0.565040171146, 
      "var": 232.221069336
    }, 
    "dissonance": {
      "dmean": 0.0112469065934, 
      "dmean2": 0.0190296750516, 
      "dvar": 0.000128174753627, 
      "dvar2": 0.00035878669587, 
      "max": 0.500000059605, 
      "mean": 0.479807764292, 
      "median": 0.483010619879, 
      "min": 0.138255059719, 
      "var": 0.00022384179465
    }, 
    "dynamic_complexity": 2.28488302231, 
    "erbbands": {
      "dmean": [
        0.0842094346881, 
        0.551212608814, 
        2.04748272896, 
        7.70285892487, 
        9.61849308014, 
        5.54805612564, 
        5.41253566742, 
        4.93458890915, 
        9.08684825897, 
        8.27767944336, 
        11.0331754684, 
        10.0899677277, 
        12.9381437302, 
        14.570192337, 
        9.40083026886, 
        11.0916442871, 
        12.7496242523, 
        13.3912143707, 
        17.8307666779, 
        15.5146617889, 
        23.2184715271, 
        21.9566841125, 
        22.8242950439, 
        15.0061359406, 
        11.1815576553, 
        7.95377635956, 
        7.11345815659, 
        4.8674659729, 
        4.11831235886, 
        3.30402755737, 
        2.39102816582, 
        2.70566868782, 
        2.08075809479, 
        1.49680459499, 
        0.873700618744, 
        0.300820767879, 
        0.117669783533, 
        0.0325875133276, 
        0.00453736959025, 
        0.000325402448652
      ], 
      "dmean2": [
        0.130362063646, 
        0.928667902946, 
        3.4337515831, 
        12.6145505905, 
        15.7800359726, 
        9.34056758881, 
        8.92447280884, 
        8.30535411835, 
        14.5365743637, 
        13.3369398117, 
        17.5169448853, 
        16.2891483307, 
        20.8752384186, 
        23.244758606, 
        15.0082406998, 
        18.0160503387, 
        20.6483459473, 
        22.0976142883, 
        29.4930438995, 
        25.6007556915, 
        38.6230812073, 
        36.5105552673, 
        37.733921051, 
        24.5347671509, 
        18.2720508575, 
        12.5407838821, 
        10.9761762619, 
        7.38520002365, 
        6.03860235214, 
        4.7212896347, 
        3.44452357292, 
        3.90984344482, 
        2.84113574028, 
        2.06069207191, 
        1.18317985535, 
        0.406131744385, 
        0.160471901298, 
        0.0464544929564, 
        0.00658547598869, 
        0.000473050924484
      ], 
      "dvar": [
        0.0357412174344, 
        1.4899930954, 
        13.6443433762, 
        131.103088379, 
        235.639907837, 
        81.4751968384, 
        56.9567718506, 
        76.4274368286, 
        298.949615479, 
        303.815155029, 
        498.521759033, 
        450.081756592, 
        566.328491211, 
        702.48651123, 
        385.557067871, 
        525.95715332, 
        590.530456543, 
        572.108337402, 
        855.269836426, 
        926.04296875, 
        1221.99462891, 
        834.889343262, 
        917.950378418, 
        358.559326172, 
        228.246932983, 
        160.489257812, 
        149.593322754, 
        108.798492432, 
        68.8327865601, 
        37.9970092773, 
        19.0782260895, 
        29.8852138519, 
        27.3173599243, 
        16.7208786011, 
        4.01160764694, 
        0.364367157221, 
        0.0689711868763, 
        0.00592457968742, 
        9.28819135879e-05, 
        3.55497462579e-07
      ], 
      "dvar2": [
        0.0855337977409, 
        4.12370443344, 
        37.0096588135, 
        360.813415527, 
        623.456848145, 
        224.272293091, 
        151.484893799, 
        203.722930908, 
        761.506652832, 
        746.497436523, 
        1287.24682617, 
        1131.81896973, 
        1400.0513916, 
        1803.35266113, 
        969.264160156, 
        1403.09741211, 
        1461.36633301, 
        1508.6652832, 
        2230.24584961, 
        2380.4387207, 
        3255.17163086, 
        2264.28442383, 
        2489.14331055, 
        911.579467773, 
        575.338806152, 
        362.224639893, 
        339.190582275, 
        263.746582031, 
        141.504226685, 
        74.9732055664, 
        39.0897445679, 
        62.2668876648, 
        50.0132713318, 
        30.6688976288, 
        7.34760761261, 
        0.623670578003, 
        0.120522856712, 
        0.0115297213197, 
        0.000189275699086, 
        7.49132368583e-07
      ], 
      "max": [
        1.98860669136, 
        12.4129810333, 
        43.3736114502, 
        154.327957153, 
        220.934875488, 
        193.00869751, 
        129.674224854, 
        167.029449463, 
        387.757904053, 
        386.09463501, 
        460.909301758, 
        594.635803223, 
        494.210357666, 
        690.63458252, 
        651.263305664, 
        589.494628906, 
        681.526000977, 
        578.123535156, 
        681.239440918, 
        1350.81811523, 
        824.081176758, 
        544.860412598, 
        528.292663574, 
        368.65927124, 
        342.905822754, 
        389.062164307, 
        344.718597412, 
        530.812683105, 
        363.650054932, 
        169.289627075, 
        101.622215271, 
        167.720581055, 
        120.183731079, 
        107.937995911, 
        65.4088287354, 
        10.1077718735, 
        3.22840189934, 
        1.10620963573, 
        0.122151628137, 
        0.0100184120238
      ], 
      "mean": [
        0.115797765553, 
        0.676405370235, 
        3.21979141235, 
        15.7194375992, 
        17.9154281616, 
        10.4400987625, 
        9.81972026825, 
        8.15938186646, 
        16.0866394043, 
        13.5989618301, 
        18.5028209686, 
        17.4159202576, 
        23.0352783203, 
        28.1743679047, 
        17.8079490662, 
        20.9512271881, 
        24.8690299988, 
        26.3091506958, 
        34.2281723022, 
        32.4628829956, 
        49.9525756836, 
        49.6497917175, 
        54.3663063049, 
        36.7175140381, 
        27.1322803497, 
        19.4108829498, 
        16.1460151672, 
        10.997713089, 
        8.85388851166, 
        7.14851808548, 
        5.32366847992, 
        5.58011245728, 
        4.21641349792, 
        2.94052290916, 
        1.6270853281, 
        0.558692395687, 
        0.200714409351, 
        0.0498985983431, 
        0.00650959601626, 
        0.00044734639232
      ], 
      "median": [
        0.0202355533838, 
        0.184109389782, 
        1.87859916687, 
        9.13334655762, 
        11.6410312653, 
        5.99044895172, 
        6.58516693115, 
        5.01097011566, 
        9.54969787598, 
        6.49118471146, 
        8.85500240326, 
        8.92517662048, 
        12.5379323959, 
        17.6277389526, 
        10.3379659653, 
        11.9929971695, 
        15.2172307968, 
        16.7901573181, 
        22.0657463074, 
        20.8596801758, 
        33.8313446045, 
        37.9226608276, 
        38.6026611328, 
        27.4303188324, 
        20.7929992676, 
        12.7159042358, 
        9.00022697449, 
        5.37655162811, 
        3.55086565018, 
        2.25507450104, 
        1.91097283363, 
        1.73831605911, 
        1.12397110462, 
        0.638683438301, 
        0.310997277498, 
        0.104284107685, 
        0.0296334400773, 
        0.00603456888348, 
        0.00101434590761, 
        0.00010996065248
      ], 
      "min": [
        1.06440143661e-22, 
        5.00416755126e-22, 
        1.72393325385e-21, 
        3.70280777302e-21, 
        8.9550573115e-21, 
        2.52343788945e-20, 
        4.15457408015e-20, 
        5.5531607201e-20, 
        8.45918644496e-20, 
        2.0557100338e-19, 
        2.42026817529e-19, 
        3.65200860828e-19, 
        6.82295895759e-19, 
        5.14787685814e-19, 
        1.02600319215e-18, 
        1.15987244813e-18, 
        1.20646339613e-18, 
        3.24494103472e-18, 
        2.35739257427e-18, 
        3.19076401332e-18, 
        4.45794598193e-18, 
        5.23801907219e-18, 
        5.75120316499e-18, 
        5.44272352633e-18, 
        8.59762016111e-18, 
        8.12262327488e-18, 
        7.70838528618e-18, 
        1.05488300383e-17, 
        1.12621310415e-17, 
        1.03051889519e-17, 
        1.1709146062e-17, 
        1.13211975275e-17, 
        1.03981392374e-17, 
        8.25840497243e-18, 
        6.24806657071e-18, 
        4.11965930349e-18, 
        2.1587306745e-18, 
        1.04215182566e-18, 
        2.6644865303e-19, 
        2.71426070195e-20
      ], 
      "var": [
        0.0591115877032, 
        1.74895608425, 
        17.2100887299, 
        321.888946533, 
        415.240264893, 
        171.668869019, 
        113.509910583, 
        119.848426819, 
        552.260437012, 
        512.986938477, 
        898.549560547, 
        774.951965332, 
        1118.10217285, 
        1402.4140625, 
        876.429443359, 
        1220.96118164, 
        1348.03295898, 
        1218.72338867, 
        1782.79882812, 
        1907.03820801, 
        3080.43969727, 
        1968.31384277, 
        2496.73681641, 
        1095.98706055, 
        630.668579102, 
        475.830291748, 
        406.102264404, 
        260.420043945, 
        204.460144043, 
        134.54989624, 
        64.1189422607, 
        84.6922607422, 
        78.9283294678, 
        46.5023002625, 
        11.0882463455, 
        1.0790194273, 
        0.170117720962, 
        0.0121168131009, 
        0.000176114786882, 
        6.13522729509e-07
      ]
    }, 
    "erbbands_crest": {
      "dmean": 1.96480703354, 
      "dmean2": 3.30936169624, 
      "dvar": 4.23868179321, 
      "dvar2": 11.7928352356, 
      "max": 33.2734718323, 
      "mean": 6.89709568024, 
      "median": 6.07316589355, 
      "min": 1.97744488716, 
      "var": 11.2969093323
    }, 
    "erbbands_flatness_db": {
      "dmean": 0.0162762142718, 
      "dmean2": 0.0236770119518, 
      "dvar": 0.000284318928607, 
      "dvar2": 0.000606879068073, 
      "max": 0.401003926992, 
      "mean": 0.138022571802, 
      "median": 0.124373659492, 
      "min": 0.0227616112679, 
      "var": 0.00332053657621
    }, 
    "erbbands_kurtosis": {
      "dmean": 0.778832554817, 
      "dmean2": 1.31056725979, 
      "dvar": 11.6095647812, 
      "dvar2": 31.9512901306, 
      "max": 126.537109375, 
      "mean": -0.0313177965581, 
      "median": -0.462223768234, 
      "min": -1.88455116749, 
      "var": 12.6886177063
    }, 
    "erbbands_skewness": {
      "dmean": 0.302063167095, 
      "dmean2": 0.488932490349, 
      "dvar": 0.146673336625, 
      "dvar2": 0.400104939938, 
      "max": 4.64352273941, 
      "mean": -0.391428768635, 
      "median": -0.383735954762, 
      "min": -9.79452037811, 
      "var": 0.454201072454
    }, 
    "erbbands_spread": {
      "dmean": 7.80846738815, 
      "dmean2": 12.326508522, 
      "dvar": 57.0575866699, 
      "dvar2": 139.397460938, 
      "max": 131.614929199, 
      "mean": 45.3301429749, 
      "median": 44.428440094, 
      "min": 1.33944928646, 
      "var": 272.543304443
    }, 
    "gfcc": {
      "cov": [
        [
          16771.34375, 
          -1699.6394043, 
          568.182983398, 
          86.4627227783, 
          -695.370666504, 
          822.774658203, 
          -509.887542725, 
          5.62203168869, 
          -643.775146484, 
          184.698898315, 
          -587.226989746, 
          -154.202423096, 
          -251.956985474
        ], 
        [
          -1699.6394043, 
          1712.72839355, 
          -400.678497314, 
          276.758026123, 
          339.208770752, 
          -136.366622925, 
          198.778045654, 
          2.43672204018, 
          143.463684082, 
          -132.59161377, 
          146.348983765, 
          -43.8828544617, 
          31.2861614227
        ], 
        [
          568.182983398, 
          -400.678497314, 
          1266.16760254, 
          44.7693061829, 
          182.537414551, 
          283.49331665, 
          -10.1034135818, 
          19.3521022797, 
          -100.031272888, 
          68.0403594971, 
          -167.26902771, 
          -21.6920394897, 
          -109.309371948
        ], 
        [
          86.4627227783, 
          276.758026123, 
          44.7693061829, 
          294.5809021, 
          62.0530815125, 
          18.8476848602, 
          31.8495159149, 
          -19.5555095673, 
          10.1388196945, 
          -33.8030090332, 
          -0.758734703064, 
          -3.86067771912, 
          9.96179008484
        ], 
        [
          -695.370666504, 
          339.208770752, 
          182.537414551, 
          62.0530815125, 
          300.544830322, 
          -0.649528503418, 
          105.005851746, 
          20.8080291748, 
          37.3908843994, 
          -34.9998817444, 
          10.1046171188, 
          -3.41588401794, 
          -30.7598571777
        ], 
        [
          822.774658203, 
          -136.366622925, 
          283.49331665, 
          18.8476848602, 
          -0.649528503418, 
          263.896759033, 
          5.912129879, 
          28.8526687622, 
          -69.5805130005, 
          45.1212387085, 
          -59.6746826172, 
          -25.1052837372, 
          -19.2912864685
        ], 
        [
          -509.887542725, 
          198.778045654, 
          -10.1034135818, 
          31.8495159149, 
          105.005851746, 
          5.912129879, 
          149.756256104, 
          14.5218143463, 
          50.0594711304, 
          -13.2263278961, 
          30.1679363251, 
          6.69288682938, 
          6.48610973358
        ], 
        [
          5.62203168869, 
          2.43672204018, 
          19.3521022797, 
          -19.5555095673, 
          20.8080291748, 
          28.8526687622, 
          14.5218143463, 
          113.22277832, 
          36.4249801636, 
          25.8467750549, 
          4.83140468597, 
          -7.11350059509, 
          -8.47221469879
        ], 
        [
          -643.775146484, 
          143.463684082, 
          -100.031272888, 
          10.1388196945, 
          37.3908843994, 
          -69.5805130005, 
          50.0594711304, 
          36.4249801636, 
          124.342193604, 
          20.1338691711, 
          54.7379722595, 
          17.7172412872, 
          14.6680841446
        ], 
        [
          184.698898315, 
          -132.59161377, 
          68.0403594971, 
          -33.8030090332, 
          -34.9998817444, 
          45.1212387085, 
          -13.2263278961, 
          25.8467750549, 
          20.1338691711, 
          90.5540313721, 
          13.3007936478, 
          10.9403085709, 
          4.47752809525
        ], 
        [
          -587.226989746, 
          146.348983765, 
          -167.26902771, 
          -0.758734703064, 
          10.1046171188, 
          -59.6746826172, 
          30.1679363251, 
          4.83140468597, 
          54.7379722595, 
          13.3007936478, 
          103.64617157, 
          33.7845573425, 
          27.1601924896
        ], 
        [
          -154.202423096, 
          -43.8828544617, 
          -21.6920394897, 
          -3.86067771912, 
          -3.41588401794, 
          -25.1052837372, 
          6.69288682938, 
          -7.11350059509, 
          17.7172412872, 
          10.9403085709, 
          33.7845573425, 
          73.6384811401, 
          32.0118026733
        ], 
        [
          -251.956985474, 
          31.2861614227, 
          -109.309371948, 
          9.96179008484, 
          -30.7598571777, 
          -19.2912864685, 
          6.48610973358, 
          -8.47221469879, 
          14.6680841446, 
          4.47752809525, 
          27.1601924896, 
          32.0118026733, 
          81.6034469604
        ]
      ], 
      "icov": [
        [
          0.000113922440505, 
          -8.85218923941e-07, 
          0.000133312685648, 
          -0.000150302686961, 
          0.00012242187222, 
          -0.000198820111109, 
          9.39975798246e-05, 
          -8.10975034256e-05, 
          0.000353378680302, 
          -0.000353469979018, 
          0.000550593947992, 
          -0.000273320561973, 
          0.00041210046038
        ], 
        [
          -8.85218923941e-07, 
          0.00142559991218, 
          0.000389286316931, 
          -0.000864787551109, 
          -0.00140988314524, 
          -0.000249448727118, 
          -0.000109350788989, 
          0.000164219454746, 
          -0.000652265909594, 
          0.00118716119323, 
          -0.00160669430625, 
          0.00176817784086, 
          -0.000593713019043
        ], 
        [
          0.000133312685648, 
          0.000389286316931, 
          0.00202862685546, 
          -0.000613366311882, 
          -0.00163557485212, 
          -0.00135486677755, 
          0.000500299502164, 
          0.000322348438203, 
          0.000475345674204, 
          -0.00185583310667, 
          0.00264120101929, 
          -0.0012885708129, 
          0.00175431137905
        ], 
        [
          -0.000150302686961, 
          -0.000864787551109, 
          -0.000613366311882, 
          0.00468718493357, 
          0.000182504911209, 
          -0.000577238504775, 
          0.000114457543532, 
          0.00100151263177, 
          -0.00144444522448, 
          0.00175995146856, 
          -9.08378060558e-05, 
          -0.000206916534808, 
          -0.00122463726439
        ], 
        [
          0.00012242187222, 
          -0.00140988314524, 
          -0.00163557485212, 
          0.000182504911209, 
          0.00772119825706, 
          0.000784471689258, 
          -0.00325696915388, 
          -0.00123537122272, 
          0.00030152828549, 
          0.00142627977766, 
          0.000352630799171, 
          -0.00172545190435, 
          0.00235892669298
        ], 
        [
          -0.000198820111109, 
          -0.000249448727118, 
          -0.00135486677755, 
          -0.000577238504775, 
          0.000784471689258, 
          0.00825228448957, 
          -0.00306036765687, 
          -0.00238917116076, 
          0.00490694493055, 
          -0.00402833754197, 
          0.00046002844465, 
          0.00177535915282, 
          -0.00153141573537
        ], 
        [
          9.39975798246e-05, 
          -0.000109350788989, 
          0.000500299502164, 
          0.000114457543532, 
          -0.00325696915388, 
          -0.00306036765687, 
          0.0113693419844, 
          0.000690170563757, 
          -0.00428894907236, 
          0.0022298633121, 
          -0.00100110867061, 
          -0.000437253038399, 
          -0.000641543534584
        ], 
        [
          -8.10975034256e-05, 
          0.000164219454746, 
          0.000322348438203, 
          0.00100151263177, 
          -0.00123537122272, 
          -0.00238917116076, 
          0.000690170563757, 
          0.0117579018697, 
          -0.00528257759288, 
          -0.00104905455373, 
          0.000160597774084, 
          0.00139625032898, 
          0.000537489482667
        ], 
        [
          0.000353378680302, 
          -0.000652265909594, 
          0.000475345674204, 
          -0.00144444522448, 
          0.00030152828549, 
          0.00490694493055, 
          -0.00428894907236, 
          -0.00528257759288, 
          0.0187355615199, 
          -0.00795472227037, 
          -0.000705246988218, 
          -0.00150468794163, 
          0.00111413130071
        ], 
        [
          -0.000353469979018, 
          0.00118716119323, 
          -0.00185583310667, 
          0.00175995146856, 
          0.00142627977766, 
          -0.00402833754197, 
          0.0022298633121, 
          -0.00104905455373, 
          -0.00795472227037, 
          0.0216486640275, 
          -0.00808777753264, 
          0.00142917816993, 
          -0.00257489993237
        ], 
        [
          0.000550593947992, 
          -0.00160669430625, 
          0.00264120101929, 
          -9.08378060558e-05, 
          0.000352630799171, 
          0.00046002844465, 
          -0.00100110867061, 
          0.000160597774084, 
          -0.000705246988218, 
          -0.00808777753264, 
          0.023585582152, 
          -0.0093229599297, 
          0.00258071511053
        ], 
        [
          -0.000273320561973, 
          0.00176817784086, 
          -0.0012885708129, 
          -0.000206916534808, 
          -0.00172545190435, 
          0.00177535915282, 
          -0.000437253038399, 
          0.00139625032898, 
          -0.00150468794163, 
          0.00142917816993, 
          -0.0093229599297, 
          0.0226510129869, 
          -0.00886422209442
        ], 
        [
          0.00041210046038, 
          -0.000593713019043, 
          0.00175431137905, 
          -0.00122463726439, 
          0.00235892669298, 
          -0.00153141573537, 
          -0.000641543534584, 
          0.000537489482667, 
          0.00111413130071, 
          -0.00257489993237, 
          0.00258071511053, 
          -0.00886422209442, 
          0.0194471552968
        ]
      ], 
      "mean": [
        22.7380256653, 
        70.1741638184, 
        -120.15058136, 
        34.9862632751, 
        -43.3237075806, 
        1.94663763046, 
        -39.0488357544, 
        6.82010936737, 
        -25.8472690582, 
        -8.62920951843, 
        -18.8868179321, 
        -4.67440843582, 
        -12.8952322006
      ]
    }, 
    "hfc": {
      "dmean": 6.97745847702, 
      "dmean2": 9.63889503479, 
      "dvar": 92.3475646973, 
      "dvar2": 154.301574707, 
      "max": 210.569534302, 
      "mean": 30.8472442627, 
      "median": 25.2825431824, 
      "min": 1.12362612988e-16, 
      "var": 499.835205078
    }, 
    "melbands": {
      "dmean": [
        0.000701118668076, 
        0.00089631380979, 
        0.00133425556123, 
        0.000520451343618, 
        0.000178015689016, 
        0.000112115514639, 
        0.000139637821121, 
        9.00974482647e-05, 
        8.66634873091e-05, 
        6.78183278069e-05, 
        6.6726199293e-05, 
        6.40823491267e-05, 
        3.31897717842e-05, 
        3.41958693753e-05, 
        2.5996392651e-05, 
        2.88832816295e-05, 
        2.62185294559e-05, 
        2.97688184219e-05, 
        2.25289968512e-05, 
        2.31601243286e-05, 
        3.09145070787e-05, 
        2.3922744731e-05, 
        2.59653788817e-05, 
        2.38663706114e-05, 
        1.31039696498e-05, 
        9.62936792348e-06, 
        8.50352716952e-06, 
        5.41090957995e-06, 
        5.29910175828e-06, 
        3.92638867197e-06, 
        2.8360188935e-06, 
        2.67510290541e-06, 
        2.22238850256e-06, 
        1.87615910363e-06, 
        1.54113217832e-06, 
        1.36074663715e-06, 
        1.89264039818e-06, 
        1.55539134994e-06, 
        1.45398735185e-06, 
        1.28073713768e-06
      ], 
      "dmean2": [
        0.00110607745592, 
        0.00151638826355, 
        0.00217447360046, 
        0.000857682491187, 
        0.000295801844914, 
        0.000187514029676, 
        0.000223349852604, 
        0.000144911275129, 
        0.000137510287459, 
        0.000110399647383, 
        0.00010764424951, 
        0.000102216108644, 
        5.30813194928e-05, 
        5.56597660761e-05, 
        4.21889963036e-05, 
        4.6872333769e-05, 
        4.3363943405e-05, 
        4.89824305987e-05, 
        3.72464674001e-05, 
        3.81910249416e-05, 
        5.12464575877e-05, 
        3.97468465962e-05, 
        4.36020054622e-05, 
        3.9852806367e-05, 
        2.14387455344e-05, 
        1.59343871928e-05, 
        1.40126412589e-05, 
        8.56871429278e-06, 
        8.34881484479e-06, 
        6.19245929556e-06, 
        4.40443500338e-06, 
        4.05196715292e-06, 
        3.28013675244e-06, 
        2.7533183129e-06, 
        2.30039358939e-06, 
        1.99918736143e-06, 
        2.79151640825e-06, 
        2.20774086301e-06, 
        2.03896365747e-06, 
        1.81887696726e-06
      ], 
      "dvar": [
        2.34870913118e-06, 
        2.77015601569e-06, 
        4.10660277339e-06, 
        6.44468570954e-07, 
        6.0998232243e-08, 
        3.61131995419e-08, 
        6.78402685139e-08, 
        3.34622392018e-08, 
        2.92097581678e-08, 
        1.84663289104e-08, 
        1.51261012604e-08, 
        1.39730440551e-08, 
        5.72346259275e-09, 
        5.62318458464e-09, 
        2.45401676757e-09, 
        3.11566106248e-09, 
        2.28752061737e-09, 
        2.67955035937e-09, 
        1.64871183372e-09, 
        1.4165374429e-09, 
        2.40755504421e-09, 
        1.09865649911e-09, 
        1.09304465479e-09, 
        1.16914156134e-09, 
        2.90727858454e-10, 
        1.91147389583e-10, 
        1.40300618345e-10, 
        8.85022541364e-11, 
        7.93684007405e-11, 
        8.41996194989e-11, 
        3.52255585812e-11, 
        3.14140172208e-11, 
        1.89011896412e-11, 
        1.27642080933e-11, 
        7.85689308752e-12, 
        6.72930374618e-12, 
        1.55255600043e-11, 
        1.62305256041e-11, 
        1.47748081131e-11, 
        1.38140783534e-11
      ], 
      "dvar2": [
        5.90568333791e-06, 
        7.41618669053e-06, 
        1.09791608338e-05, 
        1.73054081642e-06, 
        1.65121420537e-07, 
        9.53074419385e-08, 
        1.72530477016e-07, 
        8.26469346293e-08, 
        7.52466320364e-08, 
        4.63521487859e-08, 
        3.7360191385e-08, 
        3.58928140543e-08, 
        1.43836258459e-08, 
        1.44872602803e-08, 
        6.20727824696e-09, 
        8.02925459453e-09, 
        5.96016747068e-09, 
        6.92156865156e-09, 
        4.31128244216e-09, 
        3.50611761846e-09, 
        6.32850349902e-09, 
        2.95598434619e-09, 
        2.89552892774e-09, 
        3.20262216746e-09, 
        7.36067318208e-10, 
        4.99839170054e-10, 
        3.54385853996e-10, 
        2.02264566207e-10, 
        1.85237589156e-10, 
        2.18273593644e-10, 
        8.51390694057e-11, 
        6.95764140746e-11, 
        3.8176867917e-11, 
        2.72034495624e-11, 
        1.69394585164e-11, 
        1.48700964736e-11, 
        3.36545340207e-11, 
        3.20782012064e-11, 
        2.87418613215e-11, 
        2.59153375842e-11
      ], 
      "max": [
        0.0171339567751, 
        0.0172157548368, 
        0.0263213813305, 
        0.0111561734229, 
        0.00452156644315, 
        0.00440185097978, 
        0.00533892260864, 
        0.00337940757163, 
        0.00362847629003, 
        0.00345505634323, 
        0.0027178467717, 
        0.00291702710092, 
        0.00257461657748, 
        0.0019024888752, 
        0.0012045186013, 
        0.00135363917798, 
        0.00113298406359, 
        0.00130198651459, 
        0.00147405464668, 
        0.00100300321355, 
        0.00114806578495, 
        0.000623760046437, 
        0.000634098949376, 
        0.000558493717108, 
        0.000320324179484, 
        0.000373210117687, 
        0.000257030595094, 
        0.000299668870866, 
        0.000183314536116, 
        0.00042534613749, 
        0.000219292196562, 
        0.000291644770186, 
        0.000125481470604, 
        8.71684533195e-05, 
        6.1056787672e-05, 
        6.86246348778e-05, 
        0.000119526608614, 
        9.29334200919e-05, 
        0.000115735405416, 
        0.000124897764181
      ], 
      "mean": [
        0.000966308231, 
        0.00139587046579, 
        0.00270996871404, 
        0.00104863382876, 
        0.000326557288645, 
        0.000189384285477, 
        0.000247633463005, 
        0.000147927261423, 
        0.000144010657095, 
        0.000113878559205, 
        0.000117255091027, 
        0.000119248237752, 
        5.63133107789e-05, 
        6.07260517427e-05, 
        4.88782752655e-05, 
        5.38465137652e-05, 
        4.69702354167e-05, 
        5.33161692147e-05, 
        4.44170254923e-05, 
        4.43929056928e-05, 
        6.04668130109e-05, 
        4.81345668959e-05, 
        5.17725929967e-05, 
        5.13665254402e-05, 
        2.67763316515e-05, 
        1.95322336367e-05, 
        1.86419201782e-05, 
        1.14199756354e-05, 
        1.09012644316e-05, 
        7.83057566878e-06, 
        5.78752496949e-06, 
        5.16318868904e-06, 
        4.38622828369e-06, 
        3.80763231078e-06, 
        3.15522379424e-06, 
        2.79502933154e-06, 
        3.63063668374e-06, 
        2.95595691568e-06, 
        2.74624403573e-06, 
        2.38904294747e-06
      ], 
      "median": [
        0.000201830262085, 
        0.000761483795941, 
        0.0018743686378, 
        0.000568771152757, 
        0.000232542937738, 
        0.000121011864394, 
        0.000146722391946, 
        6.80929515511e-05, 
        6.9900037488e-05, 
        5.52063575014e-05, 
        6.30863360129e-05, 
        7.21975229681e-05, 
        2.91778887913e-05, 
        3.02757853206e-05, 
        2.97189762932e-05, 
        3.27329580614e-05, 
        2.89580057142e-05, 
        3.26937806676e-05, 
        2.86602662527e-05, 
        3.09054521495e-05, 
        3.88193147955e-05, 
        3.40414844686e-05, 
        3.69254630641e-05, 
        3.06446381728e-05, 
        1.86945890164e-05, 
        1.42451226566e-05, 
        1.29058498715e-05, 
        6.35563446849e-06, 
        6.06453841101e-06, 
        3.7792835883e-06, 
        2.7310236419e-06, 
        2.09769586945e-06, 
        1.46262777889e-06, 
        1.13913210953e-06, 
        1.08705410184e-06, 
        1.0383546396e-06, 
        1.04448508864e-06, 
        7.93538276866e-07, 
        6.49997559776e-07, 
        4.77669573229e-07
      ], 
      "min": [
        1.31831180429e-24, 
        7.46553999051e-25, 
        1.1680214759e-24, 
        8.44419984345e-25, 
        1.56051399309e-24, 
        1.36698570544e-24, 
        1.25666735354e-24, 
        2.05117127664e-24, 
        2.09133790456e-24, 
        1.88944177486e-24, 
        3.37307298969e-24, 
        1.62858519503e-24, 
        2.98225197016e-24, 
        2.42745437855e-24, 
        1.82036773349e-24, 
        3.48133783805e-24, 
        4.91836117845e-24, 
        1.96009511576e-24, 
        3.80961362629e-24, 
        3.01029538369e-24, 
        4.0319122628e-24, 
        4.55561216865e-24, 
        5.19248639871e-24, 
        5.0440791799e-24, 
        3.03227048471e-24, 
        5.25545445945e-24, 
        5.14648910262e-24, 
        4.77905386461e-24, 
        3.22571298374e-24, 
        4.80391244946e-24, 
        5.90324534115e-24, 
        5.68742128052e-24, 
        4.63995835993e-24, 
        4.81302655393e-24, 
        6.1859332521e-24, 
        6.89352728459e-24, 
        6.05862056833e-24, 
        6.5345202365e-24, 
        7.17146270302e-24, 
        6.26373110901e-24
      ], 
      "var": [
        3.70963289242e-06, 
        3.57790827366e-06, 
        8.09450466477e-06, 
        1.48883839302e-06, 
        1.1192349092e-07, 
        5.9435265598e-08, 
        1.26426527913e-07, 
        5.79562424718e-08, 
        5.2073069412e-08, 
        3.28132259142e-08, 
        2.96987572312e-08, 
        2.73837148512e-08, 
        1.15280540669e-08, 
        1.31991333419e-08, 
        5.38399369532e-09, 
        6.56595711135e-09, 
        4.50003367902e-09, 
        5.13903364308e-09, 
        3.77407705088e-09, 
