{
  "lowlevel": {
    "average_loudness": 0.863812923431, 
    "barkbands": {
      "dmean": [
        0.0084434254095, 
        0.00948820635676, 
        0.00200570956804, 
        0.000990385771729, 
        0.00196864129975, 
        0.00264911307022, 
        0.000938819837756, 
        0.00058416131651, 
        0.00141167873517, 
        0.000623243045993, 
        0.000283822970232, 
        0.000367252301658, 
        0.000282128399704, 
        0.000197354718694, 
        0.000237750500673, 
        0.000189980419236, 
        0.000179659822606, 
        0.000244044786086, 
        0.00015042826999, 
        8.78107675817e-05, 
        6.78353244439e-05, 
        4.54912369605e-05, 
        1.25125925479e-05, 
        5.96752079218e-06, 
        3.69406143363e-06, 
        8.21951016405e-06, 
        0.000211742953979
      ], 
      "dmean2": [
        0.012692428194, 
        0.0160922650248, 
        0.00339087308384, 
        0.00165883800946, 
        0.00317859230563, 
        0.00433786027133, 
        0.00148398254532, 
        0.000966235180385, 
        0.00227226899005, 
        0.00104381877463, 
        0.000467789272079, 
        0.000610022514593, 
        0.000483719282784, 
        0.00033738402999, 
        0.000409030617448, 
        0.000327676301822, 
        0.000304955756292, 
        0.000432237255154, 
        0.00025550488499, 
        0.000142497083289, 
        0.000105510487629, 
        6.89640219207e-05, 
        1.9873452402e-05, 
        9.53070684773e-06, 
        5.91733123656e-06, 
        1.25486585603e-05, 
        0.000320455321344
      ], 
      "dvar": [
        0.000511815771461, 
        0.000642336905003, 
        9.3788430604e-06, 
        2.41939937951e-06, 
        7.94813149696e-06, 
        1.98797333724e-05, 
        3.57842418452e-06, 
        1.07672099148e-06, 
        6.91134573572e-06, 
        1.28557735479e-06, 
        2.89143400778e-07, 
        5.04431966419e-07, 
        3.08714476205e-07, 
        1.13912115296e-07, 
        1.581146023e-07, 
        1.21158919342e-07, 
        1.04986099814e-07, 
        5.25276391272e-07, 
        1.16202507172e-07, 
        2.40443913668e-08, 
        1.72077339045e-08, 
        7.64051133473e-09, 
        5.09090380962e-10, 
        8.47370090762e-11, 
        3.42797457087e-11, 
        1.74648739915e-10, 
        9.63222817063e-08
      ], 
      "dvar2": [
        0.00109078548849, 
        0.00171946815681, 
        2.51148703683e-05, 
        6.73943713991e-06, 
        2.01335660677e-05, 
        4.9317623052e-05, 
        8.15945259092e-06, 
        2.6700156468e-06, 
        1.67696216522e-05, 
        3.47990658156e-06, 
        7.26027224118e-07, 
        1.28243425479e-06, 
        8.49667003422e-07, 
        3.19843479701e-07, 
        4.4321083692e-07, 
        3.42026538647e-07, 
        2.8906379157e-07, 
        1.52026075284e-06, 
        3.22558690868e-07, 
        6.46406164151e-08, 
        4.27665334257e-08, 
        1.69858491716e-08, 
        1.27373767089e-09, 
        2.06546710291e-10, 
        8.2334215834e-11, 
        3.86769838379e-10, 
        2.22448818477e-07
      ], 
      "max": [
        0.299691140652, 
        0.282156527042, 
        0.0386097058654, 
        0.0258224140853, 
        0.0507592633367, 
        0.0788796693087, 
        0.061654586345, 
        0.0197182483971, 
        0.0820083022118, 
        0.0266819372773, 
        0.0128335459158, 
        0.0164571553469, 
        0.0120884580538, 
        0.00509980041534, 
        0.00504236202687, 
        0.00606214441359, 
        0.00512050883844, 
        0.00970042310655, 
        0.00399928307161, 
        0.00153318978846, 
        0.00169022451155, 
        0.00090718473075, 
        0.000480367860291, 
        0.000178420115844, 
        8.17389518488e-05, 
        0.000326253386447, 
        0.00853854976594
      ], 
      "mean": [
        0.00956659205258, 
        0.00950178410858, 
        0.00256237736903, 
        0.00141888484359, 
        0.00350458757021, 
        0.00411418732256, 
        0.00155058410019, 
        0.000941729929764, 
        0.00230961455964, 
        0.000991270761006, 
        0.00045358389616, 
        0.000658359727822, 
        0.000452382373624, 
        0.000337108212989, 
        0.000398935051635, 
        0.000343258347129, 
        0.000340409344062, 
        0.000375137547962, 
        0.000272975623375, 
        0.000177736699698, 
        0.000137964423629, 
        8.26478935778e-05, 
        2.96098987747e-05, 
        1.58395178005e-05, 
        5.96815971221e-06, 
        2.80447675323e-05, 
        0.000904633896425
      ], 
      "median": [
        0.00134384958073, 
        0.00255763949826, 
        0.00144926528446, 
        0.000739782815799, 
        0.00203377543949, 
        0.00192970980424, 
        0.000626918394119, 
        0.000401509605581, 
        0.00074156030314, 
        0.000410174252465, 
        0.000178126196261, 
        0.000258978077909, 
        0.000216011321754, 
        0.000190287246369, 
        0.000213476436329, 
        0.000185995289939, 
        0.000184188102139, 
        0.000174071305082, 
        0.000148619350512, 
        9.29726083996e-05, 
        6.62947568344e-05, 
        3.63635517715e-05, 
        1.85577118827e-05, 
        1.06966872409e-05, 
        3.44936961483e-06, 
        1.9789671569e-05, 
        0.000555601087399
      ], 
      "min": [
        3.71178161132e-25, 
        2.64915210027e-24, 
        1.01067675886e-24, 
        1.01156412877e-24, 
        7.73797685122e-24, 
        6.85813109577e-24, 
        4.84386785988e-24, 
        1.02924370467e-23, 
        1.67979394292e-23, 
        1.04946118415e-23, 
        1.97596041019e-23, 
        2.8474432934e-23, 
        2.01105146761e-23, 
        3.23963274996e-23, 
        4.12322638356e-23, 
        6.60017705075e-23, 
        5.84190186055e-23, 
        1.03084411412e-22, 
        1.31729560156e-22, 
        1.50410745647e-22, 
        2.54818935077e-22, 
        3.33846616665e-22, 
        3.78767411078e-22, 
        5.63599086271e-22, 
        7.76004113297e-22, 
        1.27039351672e-21, 
        1.9155960101e-21
      ], 
      "var": [
        0.000586693931837, 
        0.000516486063134, 
        1.17881572805e-05, 
        4.47514139523e-06, 
        1.8711134544e-05, 
        3.50346635969e-05, 
        8.46023522172e-06, 
        2.2128965611e-06, 
        1.54371136887e-05, 
        2.38427742261e-06, 
        6.26401345016e-07, 
        1.36314292831e-06, 
        4.91991329454e-07, 
        1.93345073285e-07, 
        2.62419973751e-07, 
        2.11702541719e-07, 
        2.06501908906e-07, 
        4.84600946038e-07, 
        1.53550786308e-07, 
        5.23885859138e-08, 
        3.45793402801e-08, 
        1.46970506876e-08, 
        1.35444622185e-09, 
        3.31803529097e-10, 
        5.78507103333e-11, 
        9.9541008769e-10, 
        9.09396817406e-07
      ]
    }, 
    "barkbands_crest": {
      "dmean": 2.81955003738, 
      "dmean2": 4.56716346741, 
      "dvar": 5.95667886734, 
      "dvar2": 14.5283193588, 
      "max": 25.0026512146, 
      "mean": 9.44479656219, 
      "median": 8.63175010681, 
      "min": 2.34082937241, 
      "var": 15.0719594955
    }, 
    "barkbands_flatness_db": {
      "dmean": 0.0264706443995, 
      "dmean2": 0.0409718342125, 
      "dvar": 0.000839504646137, 
      "dvar2": 0.00196649157442, 
      "max": 0.530210673809, 
      "mean": 0.132945090532, 
      "median": 0.108575150371, 
      "min": 0.034128986299, 
      "var": 0.00453623058274
    }, 
    "barkbands_kurtosis": {
      "dmean": 7.01263093948, 
      "dmean2": 11.3049049377, 
      "dvar": 249.948425293, 
      "dvar2": 607.908447266, 
      "max": 302.247558594, 
      "mean": 11.791100502, 
      "median": 4.70408821106, 
      "min": -1.91049957275, 
      "var": 376.27432251
    }, 
    "barkbands_skewness": {
      "dmean": 0.732513546944, 
      "dmean2": 1.16373801231, 
      "dvar": 0.913742423058, 
      "dvar2": 2.192101717, 
      "max": 14.2485313416, 
      "mean": 2.3268225193, 
      "median": 1.95750772953, 
      "min": -2.32591080666, 
      "var": 2.28369069099
    }, 
    "barkbands_spread": {
      "dmean": 6.7437787056, 
      "dmean2": 10.6259689331, 
      "dvar": 57.9537849426, 
      "dvar2": 139.396942139, 
      "max": 130.844451904, 
      "mean": 26.5368251801, 
      "median": 27.2644367218, 
      "min": 0.219976723194, 
      "var": 310.123199463
    }, 
    "dissonance": {
      "dmean": 0.0212882105261, 
      "dmean2": 0.036048732698, 
      "dvar": 0.000528929231223, 
      "dvar2": 0.00148486043327, 
      "max": 0.500000059605, 
      "mean": 0.463070333004, 
      "median": 0.472428560257, 
      "min": 0.172718644142, 
      "var": 0.00113149033859
    }, 
    "dynamic_complexity": 3.89399576187, 
    "erbbands": {
      "dmean": [
        0.46008092165, 
        1.52744889259, 
        2.49421286583, 
        2.78903031349, 
        4.82129478455, 
        5.64066839218, 
        20.3686676025, 
        20.0270709991, 
        10.8155841827, 
        19.0097637177, 
        14.0470180511, 
        30.8756656647, 
        24.8660984039, 
        17.8942890167, 
        11.2240371704, 
        13.6873025894, 
        11.9807367325, 
        10.4201984406, 
        11.9301719666, 
        10.5368375778, 
        10.4994745255, 
        9.26482009888, 
        14.2207889557, 
        7.63812160492, 
        6.88118267059, 
        4.05211496353, 
        3.17410326004, 
        2.46238923073, 
        1.63141322136, 
        0.728702604771, 
        0.296634346247, 
        0.151265859604, 
        0.0940157547593, 
        0.0488269403577, 
        0.0228985268623, 
        0.0210486333817, 
        0.016670493409, 
        0.0199285987765, 
        0.0153868002817, 
        0.00630468828604
      ], 
      "dmean2": [
        0.779830932617, 
        2.5867638588, 
        4.1969704628, 
        4.57575750351, 
        8.0164899826, 
        9.09968090057, 
        32.3650283813, 
        33.6622238159, 
        17.7325439453, 
        29.687084198, 
        22.9997653961, 
        49.4044532776, 
        41.161819458, 
        29.5303554535, 
        18.4452381134, 
        22.7098503113, 
        20.567565918, 
        17.6692352295, 
        20.6525402069, 
        18.2867050171, 
        17.9363822937, 
        15.902920723, 
        25.3377399445, 
        12.9462366104, 
        11.6696166992, 
        6.57330083847, 
        4.88426876068, 
        3.83662605286, 
        2.43323016167, 
        1.10454297066, 
        0.468384772539, 
        0.24306358397, 
        0.151376396418, 
        0.0777272954583, 
        0.0367576666176, 
        0.0335148200393, 
        0.0254450459033, 
        0.027157260105, 
        0.0214622113854, 
        0.00962727237493
      ], 
      "dvar": [
        1.92513608932, 
        15.0781650543, 
        21.6518821716, 
        15.3963689804, 
        57.79845047, 
        64.9387283325, 
        1580.99975586, 
        1331.96862793, 
        346.292510986, 
        2081.12817383, 
        605.352355957, 
        3964.81884766, 
        2332.14892578, 
        1218.65637207, 
        393.003814697, 
        730.757995605, 
        594.063049316, 
        297.848754883, 
        419.441558838, 
        476.243896484, 
        362.445007324, 
        331.8671875, 
        1962.39245605, 
        314.118347168, 
        232.896102905, 
        54.6415596008, 
        33.1331672668, 
        23.031539917, 
        8.97959041595, 
        1.70749390125, 
        0.288912057877, 
        0.0563370995224, 
        0.0217489935458, 
        0.00558958668262, 
        0.00151022407226, 
        0.000904435582925, 
        0.000764620024711, 
        0.00115865073167, 
        0.000592237396631, 
        6.40764992568e-05
      ], 
      "dvar2": [
        5.20544815063, 
        39.8297271729, 
        56.0351257324, 
        41.43724823, 
        155.334960938, 
        158.940444946, 
        3651.07421875, 
        3546.07055664, 
        916.328857422, 
        4597.24511719, 
        1493.46350098, 
        9314.46386719, 
        6371.61572266, 
        3253.24267578, 
        1020.29980469, 
        1806.49133301, 
        1632.7833252, 
        830.112426758, 
        1161.92431641, 
        1365.30126953, 
        994.639465332, 
        941.457580566, 
        5674.29150391, 
        883.317626953, 
        647.563720703, 
        146.009399414, 
        81.0920257568, 
        56.5755157471, 
        18.7549858093, 
        3.83447790146, 
        0.730691254139, 
        0.141358554363, 
        0.0541143268347, 
        0.0133536132053, 
        0.00364714534953, 
        0.00213907635771, 
        0.00171698105987, 
        0.00216700974852, 
        0.00120497192256, 
        0.000150046384078
      ], 
      "max": [
        16.4985790253, 
        64.309715271, 
        80.5266876221, 
        53.0476417542, 
        138.793579102, 
        139.645141602, 
        798.142028809, 
        605.568725586, 
        365.980010986, 
        1569.81994629, 
        531.71862793, 
        2405.64746094, 
        1013.36450195, 
        967.672912598, 
        484.205108643, 
        647.182739258, 
        571.023193359, 
        316.184326172, 
        285.917785645, 
        274.036560059, 
        369.515625, 
        255.651443481, 
        607.638427734, 
        211.169708252, 
        203.251449585, 
        79.0480194092, 
        61.8068847656, 
        61.6690826416, 
        30.9315795898, 
        19.5422458649, 
        9.69013595581, 
        4.86724185944, 
        2.32445240021, 
        1.00871038437, 
        0.586327791214, 
        0.494178801775, 
        0.730381309986, 
        0.843041658401, 
        0.616543352604, 
        0.161285340786
      ], 
      "mean": [
        0.441185325384, 
        1.56874465942, 
        3.06308293343, 
        4.23047113419, 
        7.60662937164, 
        9.67473983765, 
        31.0682144165, 
        29.979473114, 
        18.0425205231, 
        30.4097328186, 
        25.0748672485, 
        51.3373947144, 
        38.736618042, 
        29.8753948212, 
        22.0889797211, 
        25.3482913971, 
        20.6199932098, 
        19.3412055969, 
        20.4280223846, 
        18.4945049286, 
        19.9786663055, 
        18.44024086, 
        22.0140571594, 
        14.950044632, 
        12.6684017181, 
        8.42013549805, 
        6.53012895584, 
        4.79403066635, 
        3.12437415123, 
        1.53820049763, 
        0.721378982067, 
        0.399701982737, 
        0.228460028768, 
        0.0937286242843, 
        0.032380130142, 
        0.0567807741463, 
        0.0567475147545, 
        0.0643568560481, 
        0.0592213980854, 
        0.030871912837
      ], 
      "median": [
        0.0991580933332, 
        0.442019045353, 
        1.49923241138, 
        2.72455358505, 
        3.91363048553, 
        5.57903194427, 
        12.0100660324, 
        13.6515798569, 
        9.38680458069, 
        9.68901252747, 
        11.4617185593, 
        16.370349884, 
        14.3594856262, 
        13.0267019272, 
        9.95373725891, 
        10.7329883575, 
        10.4667930603, 
        11.4203519821, 
        11.1413087845, 
        10.7854032516, 
        10.7651968002, 
        10.9555845261, 
        10.6695013046, 
        8.16892051697, 
        6.7935295105, 
        4.50226354599, 
        3.13624763489, 
        2.29890322685, 
        1.41378164291, 
        0.841287970543, 
        0.446472138166, 
        0.26612713933, 
        0.149901628494, 
        0.0572643317282, 
        0.0180749557912, 
        0.0404602363706, 
        0.037971816957, 
        0.0382732599974, 
        0.0389754213393, 
        0.0216037835926
      ], 
      "min": [
        7.00469608771e-23, 
        5.56194698975e-22, 
        1.73400583379e-21, 
        4.99204105521e-21, 
        6.50264531766e-21, 
        2.89784665344e-20, 
        4.02422269408e-20, 
        6.07990222559e-20, 
        8.99828525332e-20, 
        1.90403315605e-19, 
        3.65644358883e-19, 
        5.18608743256e-19, 
        4.21814704613e-19, 
        6.22387443292e-19, 
        6.03346262579e-19, 
        1.32415031098e-18, 
        1.18091354477e-18, 
        1.83887482088e-18, 
        2.60256208359e-18, 
        3.3297531037e-18, 
        4.13493029836e-18, 
        4.38422350983e-18, 
        6.82645896556e-18, 
        8.15313796767e-18, 
        9.14367268913e-18, 
        7.59015718841e-18, 
        1.04450594033e-17, 
        1.0511892288e-17, 
        1.1608823943e-17, 
        1.11664386524e-17, 
        1.08916616606e-17, 
        9.85997470366e-18, 
        9.97461780066e-18, 
        8.89002768046e-18, 
        6.2858517675e-18, 
        3.79190677015e-18, 
        2.33298082003e-18, 
        9.6748119779e-19, 
        2.58262847839e-19, 
        2.8145485964e-20
      ], 
      "var": [
        1.44228124619, 
        13.3925523758, 
        24.3742084503, 
        24.5364570618, 
        128.015258789, 
        147.789321899, 
        3240.56152344, 
        2057.7980957, 
        628.80645752, 
        4728.68798828, 
        1392.58679199, 
        9119.61914062, 
        3856.61669922, 
        2243.09399414, 
        1155.62097168, 
        1790.65148926, 
        986.328186035, 
        596.948486328, 
        722.260559082, 
        624.049499512, 
        733.825317383, 
        573.626159668, 
        1704.29797363, 
        462.847839355, 
        324.797912598, 
        118.17755127, 
        75.2156143188, 
        43.1997680664, 
        19.7599449158, 
        4.0715007782, 
        0.80460870266, 
        0.215273231268, 
        0.0706365779042, 
        0.0126106394455, 
        0.00203682598658, 
        0.00374191231094, 
        0.0042051798664, 
        0.00609105685726, 
        0.00423422642052, 
        0.000765311706346
      ]
    }, 
    "erbbands_crest": {
      "dmean": 2.7194879055, 
      "dmean2": 4.48143625259, 
      "dvar": 6.25591373444, 
      "dvar2": 15.9742088318, 
      "max": 30.6128349304, 
      "mean": 8.70859050751, 
      "median": 7.56001710892, 
      "min": 2.21779870987, 
      "var": 18.917640686
    }, 
    "erbbands_flatness_db": {
      "dmean": 0.0183598380536, 
      "dmean2": 0.028708441183, 
      "dvar": 0.000369252375094, 
      "dvar2": 0.000900120590813, 
      "max": 0.468017429113, 
      "mean": 0.132420167327, 
      "median": 0.122040405869, 
      "min": 0.0436886921525, 
      "var": 0.00174810294993
    }, 
    "erbbands_kurtosis": {
      "dmean": 1.77215337753, 
      "dmean2": 2.8469004631, 
      "dvar": 30.0587081909, 
      "dvar2": 76.1996994019, 
      "max": 176.058837891, 
      "mean": 2.26464080811, 
      "median": 0.0825493335724, 
      "min": -1.64380717278, 
      "var": 62.1605110168
    }, 
    "erbbands_skewness": {
      "dmean": 0.394358813763, 
      "dmean2": 0.624606311321, 
      "dvar": 0.177451640368, 
      "dvar2": 0.431331038475, 
      "max": 9.79589557648, 
      "mean": 0.695525228977, 
      "median": 0.526231169701, 
      "min": -2.62329363823, 
      "var": 1.12210571766
    }, 
    "erbbands_spread": {
      "dmean": 6.37002325058, 
      "dmean2": 10.050994873, 
      "dvar": 34.2839279175, 
      "dvar2": 85.5092468262, 
      "max": 99.4123840332, 
      "mean": 30.9306488037, 
      "median": 30.9720172882, 
      "min": 0.584424316883, 
      "var": 175.331863403
    }, 
    "gfcc": {
      "cov": [
        [
          26348.75, 
          387.999420166, 
          -2208.45776367, 
          215.353134155, 
          119.239700317, 
          -284.097717285, 
          542.427368164, 
          -298.806304932, 
          394.31439209, 
          -7.49117994308, 
          4.9371638298, 
          150.579315186, 
          -88.8590927124
        ], 
        [
          387.999420166, 
          894.034912109, 
          426.09173584, 
          -103.541465759, 
          -69.4772186279, 
          -184.928894043, 
          -68.3941192627, 
          -81.0720901489, 
          -26.8647079468, 
          -78.614944458, 
          31.3635616302, 
          -62.5907936096, 
          16.5232906342
        ], 
        [
          -2208.45776367, 
          426.09173584, 
          801.403015137, 
          6.38824510574, 
          -111.352836609, 
          -24.252872467, 
          -175.627349854, 
          26.6321468353, 
          -72.7922744751, 
          -7.40429162979, 
          25.6234359741, 
          -54.8320083618, 
          27.1599407196
        ], 
        [
          215.353134155, 
          -103.541465759, 
          6.38824510574, 
          283.899993896, 
          134.375823975, 
          45.3269309998, 
          39.9397392273, 
          24.7914028168, 
          6.08949661255, 
          10.9809494019, 
          -0.318366497755, 
          3.54934048653, 
          -26.6496391296
        ], 
        [
          119.239700317, 
          -69.4772186279, 
          -111.352836609, 
          134.375823975, 
          193.368057251, 
          54.7314376831, 
          80.2660140991, 
          6.98495101929, 
          20.6436405182, 
          -9.57118415833, 
          1.72383785248, 
          3.1000213623, 
          -19.8225135803
        ], 
        [
          -284.097717285, 
          -184.928894043, 
          -24.252872467, 
          45.3269309998, 
          54.7314376831, 
          195.985671997, 
          14.4348697662, 
          71.1515274048, 
          -0.154954701662, 
          40.2745475769, 
          3.4958896637, 
          21.6266708374, 
          8.94750022888
        ], 
        [
          542.427368164, 
          -68.3941192627, 
          -175.627349854, 
          39.9397392273, 
          80.2660140991, 
          14.4348697662, 
          159.052505493, 
          11.1619691849, 
          55.7341270447, 
          -5.92926359177, 
          -12.9019203186, 
          10.9950819016, 
          -22.7964344025
        ], 
        [
          -298.806304932, 
          -81.0720901489, 
          26.6321468353, 
          24.7914028168, 
          6.98495101929, 
          71.1515274048, 
          11.1619691849, 
          116.272193909, 
          28.698884964, 
          34.1053276062, 
          7.00122070312, 
          -0.885760009289, 
          4.06662368774
        ], 
        [
          394.31439209, 
          -26.8647079468, 
          -72.7922744751, 
          6.08949661255, 
          20.6436405182, 
          -0.154954701662, 
          55.7341270447, 
          28.698884964, 
          85.7181549072, 
          37.8249969482, 
          11.8129043579, 
          8.52680778503, 
          -5.48835611343
        ], 
        [
          -7.49117994308, 
          -78.614944458, 
          -7.40429162979, 
          10.9809494019, 
          -9.57118415833, 
          40.2745475769, 
          -5.92926359177, 
          34.1053276062, 
          37.8249969482, 
          73.1640319824, 
          31.4035110474, 
          18.1253185272, 
          8.64273929596
        ], 
        [
          4.9371638298, 
          31.3635616302, 
          25.6234359741, 
          -0.318366497755, 
          1.72383785248, 
          3.4958896637, 
          -12.9019203186, 
          7.00122070312, 
          11.8129043579, 
          31.4035110474, 
          52.8263893127, 
          26.9150028229, 
          16.6037712097
        ], 
        [
          150.579315186, 
          -62.5907936096, 
          -54.8320083618, 
          3.54934048653, 
          3.1000213623, 
          21.6266708374, 
          10.9950819016, 
          -0.885760009289, 
          8.52680778503, 
          18.1253185272, 
          26.9150028229, 
          59.4655151367, 
          30.155916214
        ], 
        [
          -88.8590927124, 
          16.5232906342, 
          27.1599407196, 
          -26.6496391296, 
          -19.8225135803, 
          8.94750022888, 
          -22.7964344025, 
          4.06662368774, 
          -5.48835611343, 
          8.64273929596, 
          16.6037712097, 
          30.155916214, 
          54.970199585
        ]
      ], 
      "icov": [
        [
          7.48511374695e-05, 
          -0.000228639342822, 
          0.000349612208083, 
          -0.000291948759696, 
          0.000327854999341, 
          -0.000146809252328, 
          4.7687197366e-05, 
          0.000129162755911, 
          -0.000272172765108, 
          6.15928511252e-05, 
          -6.62444017507e-06, 
          -4.7319670557e-05, 
          1.88916310435e-05
        ], 
        [
          -0.000228639342822, 
          0.00350286182947, 
          -0.00240879855119, 
          0.00143546052277, 
          -0.000966661784332, 
          0.00131394562777, 
          -0.000820609217044, 
          0.000974413240328, 
          -0.00105389743112, 
          0.00370330410078, 
          -0.00454181432724, 
          0.00372424465604, 
          -0.00186998606659
        ], 
        [
          0.000349612208083, 
          -0.00240879855119, 
          0.00445482414216, 
          -0.00274206791073, 
          0.00302160182036, 
          -0.00154896604363, 
          0.00182849226985, 
          -0.000497712637298, 
          -0.000309113151161, 
          0.000156161535415, 
          -0.000913014693651, 
          0.00174861925188, 
          -0.000843294255901
        ], 
        [
          -0.000291948759696, 
          0.00143546052277, 
          -0.00274206791073, 
          0.00794609170407, 
          -0.00711223948747, 
          0.0024316101335, 
          -0.000175156179466, 
          -0.00184740545228, 
          0.0032207290642, 
          -0.00392630184069, 
          0.00327224167995, 
          -0.00373490061611, 
          0.00340662430972
        ], 
        [
          0.000327854999341, 
          -0.000966661784332, 
          0.00302160182036, 
          -0.00711223948747, 
          0.0147782061249, 
          -0.00571608962491, 
          -0.00303515512496, 
          0.00318110594526, 
          -0.00475730607286, 
          0.00867480318993, 
          -0.00894916150719, 
          0.00637739384547, 
          -0.00198928080499
        ], 
        [
          -0.000146809252328, 
          0.00131394562777, 
          -0.00154896604363, 
          0.0024316101335, 
          -0.00571608962491, 
          0.0112269697711, 
          -0.000852168130223, 
          -0.00571223394945, 
          0.00683872494847, 
          -0.00831175968051, 
          0.00570801086724, 
          -0.00474500469863, 
          0.000360978097888
        ], 
        [
          4.7687197366e-05, 
          -0.000820609217044, 
          0.00182849226985, 
          -0.000175156179466, 
          -0.00303515512496, 
          -0.000852168130223, 
          0.0142127666622, 
          -0.00119136285502, 
          -0.00883315410465, 
          0.00487698148936, 
          0.00396251864731, 
          -0.0058851102367, 
          0.00474476674572
        ], 
        [
          0.000129162755911, 
          0.000974413240328, 
          -0.000497712637298, 
          -0.00184740545228, 
          0.00318110594526, 
          -0.00571223394945, 
          -0.00119136285502, 
          0.0151402773336, 
          -0.00676638726145, 
          0.00174398126546, 
          -0.00428870506585, 
          0.00699536828324, 
          -0.00376296904869
        ], 
        [
          -0.000272172765108, 
          -0.00105389743112, 
          -0.000309113151161, 
          0.0032207290642, 
          -0.00475730607286, 
          0.00683872494847, 
          -0.00883315410465, 
          -0.00676638726145, 
          0.0302748624235, 
          -0.0213859267533, 
          0.00625207927078, 
          -0.00319386576302, 
          0.00184853503015
        ], 
        [
          6.15928511252e-05, 
          0.00370330410078, 
          0.000156161535415, 
          -0.00392630184069, 
          0.00867480318993, 
          -0.00831175968051, 
          0.00487698148936, 
          0.00174398126546, 
          -0.0213859267533, 
          0.0439398176968, 
          -0.0259658545256, 
          0.00850080233067, 
          -0.00248378817923
        ], 
        [
          -6.62444017507e-06, 
          -0.00454181432724, 
          -0.000913014693651, 
          0.00327224167995, 
          -0.00894916150719, 
          0.00570801086724, 
          0.00396251864731, 
          -0.00428870506585, 
          0.00625207927078, 
          -0.0259658545256, 
          0.0492345169187, 
          -0.0262193568051, 
          0.00541535113007
        ], 
        [
          -4.7319670557e-05, 
          0.00372424465604, 
          0.00174861925188, 
          -0.00373490061611, 
          0.00637739384547, 
          -0.00474500469863, 
          -0.0058851102367, 
          0.00699536828324, 
          -0.00319386576302, 
          0.00850080233067, 
          -0.0262193568051, 
          0.0467436611652, 
          -0.0231354422867
        ], 
        [
          1.88916310435e-05, 
          -0.00186998606659, 
          -0.000843294255901, 
          0.00340662430972, 
          -0.00198928080499, 
          0.000360978097888, 
          0.00474476674572, 
          -0.00376296904869, 
          0.00184853503015, 
          -0.00248378817923, 
          0.00541535113007, 
          -0.0231354422867, 
          0.0339536219835
        ]
      ], 
      "mean": [
        -15.0136680603, 
        86.0560760498, 
        -78.3946304321, 
        -1.21799099445, 
        -21.520942688, 
        -23.7996292114, 
        -4.635389328, 
        -11.5123662949, 
        -4.19313669205, 
        -9.72389507294, 
        -5.20902919769, 
        -2.63562703133, 
        -4.29945421219
      ]
    }, 
    "hfc": {
      "dmean": 76.4392547607, 
      "dmean2": 121.868431091, 
      "dvar": 7325.87597656, 
      "dvar2": 18182.1582031, 
      "max": 1491.22558594, 
      "mean": 275.642578125, 
      "median": 248.459457397, 
      "min": 1.10934674257e-16, 
      "var": 40527.2070312
    }, 
    "melbands": {
      "dmean": [
        0.00364519143477, 
        0.00152576598339, 
        0.00049598532496, 
        0.000360316276783, 
        0.000588451803196, 
        0.000445822282927, 
        0.000171710300492, 
        0.000185571610928, 
        0.000131948996568, 
        0.000200243172003, 
        0.000124984289869, 
        7.80974223744e-05, 
        4.10196298617e-05, 
        4.44130018877e-05, 
        3.14625431201e-05, 
        2.57061819866e-05, 
        1.94400308828e-05, 
        1.97309855139e-05, 
        1.54908921104e-05, 
        1.35251339088e-05, 
        1.33283556352e-05, 
        9.48433989834e-06, 
        1.43227371154e-05, 
        1.19195374282e-05, 
        6.20345281277e-06, 
        6.27888948657e-06, 
        4.00629460273e-06, 
        2.70034865935e-06, 
        2.21727100325e-06, 
        1.79469952855e-06, 
        1.51907534018e-06, 
        1.1051531601e-06, 
        6.17796217739e-07, 
        3.59875599543e-07, 
        1.90242843701e-07, 
        1.28920191855e-07, 
        9.07458570509e-08, 
        7.29788212084e-08, 
        5.79486787444e-08, 
        3.75045026146e-08
      ], 
      "dmean2": [
        0.00591370370239, 
        0.00255659339018, 
        0.000821358291432, 
        0.000579837360419, 
        0.000936431868467, 
        0.000740510993637, 
        0.000280159496469, 
        0.00029124590219, 
        0.000214510422666, 
        0.000321980944136, 
        0.000206975528272, 
        0.000129266336444, 
        6.73972754157e-05, 
        7.45542783989e-05, 
        5.29380631633e-05, 
        4.387154695e-05, 
        3.29820250045e-05, 
        3.4191449231e-05, 
        2.67542945949e-05, 
        2.35408497247e-05, 
        2.25693802349e-05, 
        1.62548640219e-05, 
        2.53075868386e-05, 
        2.09572444874e-05, 
        1.05560193333e-05, 
        1.07177629616e-05, 
        6.78809510646e-06, 
        4.39132782049e-06, 
        3.43465035257e-06, 
        2.93405469165e-06, 
        2.38253392126e-06, 
        1.69293048202e-06, 
        9.26714619709e-07, 
        5.68958910208e-07, 
        3.03610960373e-07, 
        2.13397100879e-07, 
        1.45919017314e-07, 
        1.18568976859e-07, 
        9.41934601428e-08, 
        5.94655098496e-08
      ], 
      "dvar": [
        0.000102559250081, 
        1.08730737338e-05, 
        4.73925581446e-07, 
        2.81153916148e-07, 
        1.20145875826e-06, 
        5.87982469824e-07, 
        8.37055296188e-08, 
        1.8150615233e-07, 
        5.57068133844e-08, 
        1.46032562043e-07, 
        5.87766315618e-08, 
        2.41780107046e-08, 
        5.9126343821e-09, 
        7.83769049661e-09, 
        4.19373780147e-09, 
        2.08669037605e-09, 
        9.91848492227e-10, 
        1.22069709896e-09, 
        7.95740862092e-10, 
        7.32757909905e-10, 
        6.09528316708e-10, 
        3.09043374225e-10, 
        1.29793287229e-09, 
        1.09660569514e-09, 
        1.77604153606e-10, 
        1.90278057199e-10, 
        6.34828717372e-11, 
        2.28228894117e-11, 
        1.42933243366e-11, 
        1.4797392478e-11, 
        8.03830786655e-12, 
        4.25073387947e-12, 
        1.37397656187e-12, 
        4.05030799481e-13, 
        1.19009538552e-13, 
        5.09086825159e-14, 
        1.88191815105e-14, 
        1.29275650718e-14, 
        8.19867584196e-15, 
        3.50485271739e-15
      ], 
      "dvar2": [
        0.000264770089416, 
        2.79368505289e-05, 
        1.28726276216e-06, 
        6.84401868511e-07, 
        2.78563811662e-06, 
        1.5356657741e-06, 
        2.1718511789e-07, 
        4.05001799209e-07, 
        1.33684636694e-07, 
        3.52023192818e-07, 
        1.60657322112e-07, 
        6.47188613812e-08, 
        1.50190384574e-08, 
        2.02746175404e-08, 
        1.09592779296e-08, 
        5.79717429616e-09, 
        2.77619327527e-09, 
        3.39606476274e-09, 
        2.2404484934e-09, 
        2.07486827719e-09, 
        1.63940616638e-09, 
        8.62378446431e-10, 
        3.80526365973e-09, 
        3.12284553772e-09, 
        5.0130338769e-10, 
        5.2805959605e-10, 
        1.81027803858e-10, 
        6.05913652585e-11, 
        3.43286683802e-11, 
        3.97063042168e-11, 
        1.91700596369e-11, 
        9.34789832346e-12, 
        2.91331086859e-12, 
        9.75261104513e-13, 
        2.98255615084e-13, 
        1.38265619657e-13, 
        4.68022837282e-14, 
        3.26982839134e-14, 
        2.06471785605e-14, 
        8.17709090137e-15
      ], 
      "max": [
        0.115380980074, 
        0.0615049377084, 
        0.0103899622336, 
        0.010833482258, 
        0.0207338668406, 
        0.0123090595007, 
        0.00514538260177, 
        0.0142239574343, 
        0.00633671274409, 
        0.0132733201608, 
        0.00502790370956, 
        0.00428989063948, 
        0.00204250193201, 
        0.00222731987014, 
        0.00131446658634, 
        0.000872437551152, 
        0.000536432024091, 
        0.000534868508112, 
        0.000280744308839, 
        0.00044396618614, 
        0.000575149140786, 
        0.000240676570684, 
        0.000446982681751, 
        0.000452431151643, 
        0.000180505769094, 
        0.000152895896463, 
        9.02650135686e-05, 
        5.11019970872e-05, 
        4.42336167907e-05, 
        5.54553007532e-05, 
        3.00197280012e-05, 
        2.26179581659e-05, 
        1.5777624867e-05, 
        1.24585731101e-05, 
        7.09308869773e-06, 
        3.7637398691e-06, 
        2.84841030407e-06, 
        2.12237046071e-06, 
        1.40846054819e-06, 
        7.96237259237e-07
      ], 
      "mean": [
        0.00389019516297, 
        0.00181515316945, 
        0.000825711817015, 
        0.000610487768427, 
        0.000933141214773, 
        0.000689317355864, 
        0.000290599564323, 
        0.000299763982184, 
        0.000227039621677, 
        0.000326091045281, 
        0.000187947807717, 
        0.000122934696265, 
        7.14744310244e-05, 
        7.75429653004e-05, 
        5.18550077686e-05, 
        4.33234854427e-05, 
        3.37299461535e-05, 
        3.19380960718e-05, 
        2.63678211923e-05, 
        2.30847872444e-05, 
        2.35928928305e-05, 
        1.79566541192e-05, 
        2.14966239582e-05, 
        1.80043589353e-05, 
        1.12740681288e-05, 
        1.06673287519e-05, 
        6.98809162714e-06, 
        5.28965119884e-06, 
        4.35937772636e-06, 
        3.19343939736e-06, 
        2.72081729236e-06, 
        1.96171413336e-06, 
        1.14920658234e-06, 
        7.42587076275e-07, 
        4.34218577539e-07, 
        2.92878183927e-07, 
        2.25212033911e-07, 
        1.68561925307e-07, 
        1.24664694567e-07, 
        6.08654104894e-08
      ], 
      "median": [
        0.000962776597589, 
        0.000787317752838, 
        0.000537618179806, 
        0.000339021062246, 
        0.00039337205817, 
        0.000327915564412, 
        0.000142977121868, 
        0.000100421406387, 
        8.98851285456e-05, 
        0.000103540427517, 
        6.45184263703e-05, 
        4.96253232996e-05, 
        2.99487255688e-05, 
        2.91787728202e-05, 
        2.23590450332e-05, 
        2.24687464652e-05, 
        1.86592296814e-05, 
        1.66805002664e-05, 
        1.43457536979e-05, 
        1.31510087158e-05, 
        1.13038768177e-05, 
        9.88468491414e-06, 
        1.02106077975e-05, 
        7.76157139626e-06, 
        5.8515784076e-06, 
        5.29809267391e-06, 
        3.57174008059e-06, 
        2.65071366812e-06, 
        2.01764623853e-06, 
        1.45173999044e-06, 
        1.23526558582e-06, 
        8.24648111575e-07, 
        5.22099639966e-07, 
        4.14235074686e-07, 
        2.64164924602e-07, 
        1.84369127965e-07, 
        1.47558964159e-07, 
        1.06733601513e-07, 
        7.57227667236e-08, 
        3.29506661956e-08
      ], 
      "min": [
        7.40459358305e-25, 
        1.08447055502e-24, 
        1.25419614815e-24, 
        1.66855322722e-24, 
        1.63453813663e-24, 
        1.80625599798e-24, 
        1.1894160739e-24, 
        2.26592879732e-24, 
        2.30900119439e-24, 
        2.84953460311e-24, 
        2.03104763216e-24, 
        1.82015513548e-24, 
        2.14092333448e-24, 
        2.86880016413e-24, 
        2.51490966787e-24, 
        2.48581194174e-24, 
        2.83671028859e-24, 
        4.24340666035e-24, 
        3.05921067627e-24, 
        4.52571079047e-24, 
        4.26147630824e-24, 
        3.06387540802e-24, 
        3.78368258504e-24, 
        4.72347979713e-24, 
        5.27886706226e-24, 
        5.046347155e-24, 
        5.91837884875e-24, 
        3.41892986855e-24, 
        5.3813148503e-24, 
        4.04413132379e-24, 
        5.46831240308e-24, 
        4.84565581312e-24, 
        6.21870213968e-24, 
        6.09598654283e-24, 
        5.25623543175e-24, 
        5.58532453558e-24, 
        5.81689978191e-24, 
        5.54354527875e-24, 
        5.93704803094e-24, 
        6.31967475782e-24
      ], 
      "var": [
        8.80245497683e-05, 
        1.11642148113e-05, 
        9.39827998536e-07, 
        6.84887197622e-07, 
        2.58254090113e-06, 
        9.78138359642e-07, 
        1.68397363609e-07, 
        4.13333310689e-07, 
        1.32716280632e-07, 
        3.26416000007e-07, 
        9.59883266205e-08, 
        4.18463770302e-08, 
        1.39960993906e-08, 
        2.06639487743e-08, 
        7.73654207364e-09, 
        3.59816731965e-09, 
        1.88158177927e-09, 
        1.95418370375e-09, 
        1.19998067039e-09, 
