{
  "lowlevel": {
    "average_loudness": 0.954540371895, 
    "barkbands": {
      "dmean": [
        0.000409313623095, 
        0.00550707615912, 
        0.00298649771139, 
        0.00196629040875, 
        0.00246735871769, 
        0.00144109304529, 
        0.000953051261604, 
        0.000666756532155, 
        0.000649042194709, 
        0.0004468432453, 
        0.000417434348492, 
        0.000453405082226, 
        0.000321636791341, 
        0.000707800267264, 
        0.000333931966452, 
        0.000459360802779, 
        0.00026632079971, 
        0.000256777071627, 
        0.000241828791331, 
        0.000192330728169, 
        0.000137708586408, 
        0.000113047703053, 
        9.59927419899e-05, 
        9.53792987275e-05, 
        5.93549048062e-05, 
        2.23711613216e-05, 
        4.51967707704e-06
      ], 
      "dmean2": [
        0.000682989775669, 
        0.00969020836055, 
        0.00531553616747, 
        0.00347731402144, 
        0.00428335461766, 
        0.00234251306392, 
        0.00158495595679, 
        0.00108025432564, 
        0.00104873685632, 
        0.000697046576533, 
        0.000681499543134, 
        0.000733288470656, 
        0.000530598917976, 
        0.00115528167225, 
        0.000550370488781, 
        0.000784066796768, 
        0.000451040599728, 
        0.000430953368777, 
        0.000393550522858, 
        0.000312378542731, 
        0.000226599280722, 
        0.000179898997885, 
        0.000153977336595, 
        0.000150470295921, 
        8.93853866728e-05, 
        3.34717224177e-05, 
        6.65265679345e-06
      ], 
      "dvar": [
        5.25662358086e-07, 
        8.5773448518e-05, 
        3.00920019072e-05, 
        1.27394450828e-05, 
        1.66435984283e-05, 
        5.28971941094e-06, 
        3.88214857594e-06, 
        2.73671639661e-06, 
        2.8175143143e-06, 
        9.57402335189e-07, 
        7.15012618002e-07, 
        9.10863491299e-07, 
        3.84897504091e-07, 
        1.84615123544e-06, 
        4.44746490302e-07, 
        1.52414668264e-06, 
        3.2211428902e-07, 
        2.0127428968e-07, 
        2.25699324119e-07, 
        1.3674865329e-07, 
        5.65469910896e-08, 
        4.77888129069e-08, 
        4.56596431775e-08, 
        5.26318402194e-08, 
        3.19521440417e-08, 
        2.49176967948e-09, 
        1.99005478763e-10
      ], 
      "dvar2": [
        1.40190013553e-06, 
        0.000245135597652, 
        8.50016367622e-05, 
        3.60737722076e-05, 
        4.57955429738e-05, 
        1.26589930005e-05, 
        1.01993327917e-05, 
        6.93351967129e-06, 
        6.82414702169e-06, 
        2.12857116821e-06, 
        1.73669616288e-06, 
        2.20616493607e-06, 
        9.32897478378e-07, 
        4.38484994447e-06, 
        1.05386652649e-06, 
        3.95484039473e-06, 
        8.62380943545e-07, 
        5.15775298027e-07, 
        5.26485735008e-07, 
        3.44239197148e-07, 
        1.42583516549e-07, 
        1.12860519152e-07, 
        1.06268281286e-07, 
        1.20981781038e-07, 
        7.2400730744e-08, 
        5.65889246573e-09, 
        4.18449330741e-10
      ], 
      "max": [
        0.0220928750932, 
        0.100003406405, 
        0.06273984164, 
        0.0444909706712, 
        0.0479310713708, 
        0.0438125655055, 
        0.0373840481043, 
        0.0352984964848, 
        0.0531943738461, 
        0.0283401142806, 
        0.0207150373608, 
        0.026651205495, 
        0.01485630963, 
        0.0265308339149, 
        0.0149736478925, 
        0.0217929948121, 
        0.013804291375, 
        0.00989567954093, 
        0.0166331212968, 
        0.00718145351857, 
        0.00495796604082, 
        0.00439423322678, 
        0.00471623428166, 
        0.00527556333691, 
        0.0043310187757, 
        0.000940033001825, 
        0.00047226017341
      ], 
      "mean": [
        0.000491716491524, 
        0.00669617485255, 
        0.00365702994168, 
        0.00234277453274, 
        0.00366102578118, 
        0.0025558907073, 
        0.00161910196766, 
        0.000960039906204, 
        0.000972035399172, 
        0.000788487144746, 
        0.000657810771372, 
        0.000719370727893, 
        0.00050763040781, 
        0.00110222690273, 
        0.000556667335331, 
        0.00067536928691, 
        0.000410389417084, 
        0.000465641147457, 
        0.000460900278995, 
        0.000379876088118, 
        0.000290614552796, 
        0.000227838740102, 
        0.000179303155164, 
        0.000178862333996, 
        0.000107894898974, 
        4.21069962613e-05, 
        6.83151210978e-06
      ], 
      "median": [
        0.000184325777809, 
        0.00379422307014, 
        0.00198276899755, 
        0.00110486103222, 
        0.00232366076671, 
        0.0012665016111, 
        0.000764361699112, 
        0.000351789232809, 
        0.000413477187976, 
        0.00038090266753, 
        0.000305475376081, 
        0.000356461969204, 
        0.000250331795542, 
        0.000425469188485, 
        0.000261639681412, 
        0.000201937131351, 
        0.000212297076359, 
        0.000263201189227, 
        0.000239252956817, 
        0.000207863500691, 
        0.000181874114787, 
        0.000115494171041, 
        7.97428147052e-05, 
        7.76328233769e-05, 
        4.3057527364e-05, 
        1.7630532966e-05, 
        2.18822469833e-06
      ], 
      "min": [
        1.56956683757e-25, 
        5.85125861863e-24, 
        1.35281184712e-24, 
        6.31961638211e-24, 
        1.21820681481e-23, 
        1.26315240155e-23, 
        9.65305187234e-24, 
        1.34438842982e-23, 
        1.26551022791e-23, 
        1.49211273174e-23, 
        1.93160544361e-23, 
        2.75025626097e-23, 
        3.29612686591e-23, 
        4.25696355055e-23, 
        6.89387816992e-23, 
        4.92250624808e-23, 
        7.82526289043e-23, 
        1.03304932744e-22, 
        1.53821906419e-22, 
        1.1822106815e-22, 
        3.07702403115e-22, 
        3.00537980995e-22, 
        4.62231696884e-22, 
        6.78682255067e-22, 
        8.17867156623e-22, 
        1.25535290538e-21, 
        1.99783484782e-21
      ], 
      "var": [
        6.98243923125e-07, 
        8.10248384369e-05, 
        2.55859686149e-05, 
        1.2168727153e-05, 
        1.88270387298e-05, 
        1.1859661754e-05, 
        7.22988488633e-06, 
        3.6147512219e-06, 
        4.30301633969e-06, 
        2.4008222681e-06, 
        1.45392573359e-06, 
        1.79082041996e-06, 
        7.4448507803e-07, 
        3.36874791174e-06, 
        8.9684743898e-07, 
        2.69824658972e-06, 
        4.66377969133e-07, 
        4.09108025679e-07, 
        5.42927011793e-07, 
        2.74684992974e-07, 
        1.12944789521e-07, 
        9.56403809482e-08, 
        8.25319261821e-08, 
        1.04789094735e-07, 
        5.3147527268e-08, 
        5.05347053092e-09, 
        2.97676577832e-10
      ]
    }, 
    "barkbands_crest": {
      "dmean": 2.79891848564, 
      "dmean2": 4.77525472641, 
      "dvar": 6.46360301971, 
      "dvar2": 17.9919204712, 
      "max": 25.2990436554, 
      "mean": 8.99608802795, 
      "median": 8.1603012085, 
      "min": 2.11666107178, 
      "var": 14.2248954773
    }, 
    "barkbands_flatness_db": {
      "dmean": 0.0219800192863, 
      "dmean2": 0.0359785631299, 
      "dvar": 0.000556301092729, 
      "dvar2": 0.00147438549902, 
      "max": 0.498085409403, 
      "mean": 0.10398131609, 
      "median": 0.0953293070197, 
      "min": 0.0091204373166, 
      "var": 0.00217776629142
    }, 
    "barkbands_kurtosis": {
      "dmean": 3.19646143913, 
      "dmean2": 5.36181306839, 
      "dvar": 93.0637741089, 
      "dvar2": 260.590545654, 
      "max": 292.701934814, 
      "mean": 3.92061805725, 
      "median": 1.20413410664, 
      "min": -1.86280846596, 
      "var": 167.474945068
    }, 
    "barkbands_skewness": {
      "dmean": 0.573297798634, 
      "dmean2": 0.950578212738, 
      "dvar": 0.46377402544, 
      "dvar2": 1.25726664066, 
      "max": 15.3831672668, 
      "mean": 1.48080182076, 
      "median": 1.33054590225, 
      "min": -2.17958474159, 
      "var": 1.46145808697
    }, 
    "barkbands_spread": {
      "dmean": 6.16339683533, 
      "dmean2": 9.96479129791, 
      "dvar": 48.8720016479, 
      "dvar2": 116.757369995, 
      "max": 110.158958435, 
      "mean": 26.6839313507, 
      "median": 25.090675354, 
      "min": 0.242518216372, 
      "var": 187.736022949
    }, 
    "dissonance": {
      "dmean": 0.0137108471245, 
      "dmean2": 0.0233576893806, 
      "dvar": 0.000203392264666, 
      "dvar2": 0.000564303481951, 
      "max": 0.499999940395, 
      "mean": 0.47521430254, 
      "median": 0.480365395546, 
      "min": 0.284783571959, 
      "var": 0.000380165321985
    }, 
    "dynamic_complexity": 2.23412156105, 
    "erbbands": {
      "dmean": [
        0.146177813411, 
        1.34280371666, 
        3.30860972404, 
        5.3128657341, 
        6.97957277298, 
        9.33933162689, 
        11.9437246323, 
        9.81252670288, 
        11.9182424545, 
        13.7303524017, 
        16.4697151184, 
        13.5220327377, 
        14.0913591385, 
        15.0325613022, 
        13.7833652496, 
        18.8399467468, 
        14.4807043076, 
        33.7705383301, 
        20.679731369, 
        19.0105056763, 
        21.5032653809, 
        13.3583307266, 
        13.3652486801, 
        13.9060029984, 
        10.92445755, 
        8.61514759064, 
        6.70450401306, 
        4.71149253845, 
        4.28677892685, 
        3.45712447166, 
        2.61886715889, 
        2.34894800186, 
        1.44454181194, 
        0.846776425838, 
        0.33472687006, 
        0.125106006861, 
        0.0377283208072, 
        0.00689269741997, 
        0.000761381059419, 
        5.94602133788e-05
      ], 
      "dmean2": [
        0.255442649126, 
        2.36517000198, 
        5.85219860077, 
        9.29893112183, 
        12.3733959198, 
        16.0899353027, 
        19.4604473114, 
        16.1274318695, 
        19.8773479462, 
        22.5091953278, 
        26.580947876, 
        21.8702926636, 
        22.0405845642, 
        24.0142173767, 
        22.4382820129, 
        30.3941574097, 
        23.8171463013, 
        54.4820365906, 
        33.6732368469, 
        31.2075500488, 
        37.1392974854, 
        22.6123085022, 
        22.3815078735, 
        22.6823558807, 
        17.800239563, 
        13.9510183334, 
        11.0242033005, 
        7.55723142624, 
        6.73624372482, 
        5.52610826492, 
        4.13290452957, 
        3.75718450546, 
        2.24453759193, 
        1.2931843996, 
        0.505168378353, 
        0.190595254302, 
        0.056088283658, 
        0.0102192247286, 
        0.00111178727821, 
        9.02832907741e-05
      ], 
      "dvar": [
        0.0487319454551, 
        5.71705245972, 
        40.0938796997, 
        82.7258605957, 
        173.060958862, 
        225.364654541, 
        411.611816406, 
        307.504943848, 
        562.408996582, 
        929.28314209, 
        1827.50756836, 
        1249.57092285, 
        1012.37817383, 
        1183.55737305, 
        792.785400391, 
        1619.68188477, 
        701.450927734, 
        4314.36816406, 
        1637.00524902, 
        1512.20361328, 
        3200.43676758, 
        902.15032959, 
        593.330688477, 
        662.287414551, 
        545.083068848, 
        260.654144287, 
        149.382888794, 
        71.6505737305, 
        67.3323287964, 
        61.7696380615, 
        36.2144126892, 
        29.7712535858, 
        13.2644958496, 
        6.93152093887, 
        0.876510739326, 
        0.0825292244554, 
        0.00690735550597, 
        0.000281178683508, 
        4.27397117164e-06, 
        1.19523690501e-07
      ], 
      "dvar2": [
        0.1392993927, 
        16.1927490234, 
        112.345245361, 
        234.379486084, 
        486.344482422, 
        610.587280273, 
        975.158996582, 
        779.877807617, 
        1472.44897461, 
        2433.02661133, 
        4627.46972656, 
        3078.48779297, 
        2438.06884766, 
        2704.8137207, 
        1966.54528809, 
        3818.10473633, 
        1738.14709473, 
        10163.9101563, 
        3988.88647461, 
        3693.5065918, 
        8823.24511719, 
        2438.83569336, 
        1528.26525879, 
        1541.89428711, 
        1362.41809082, 
        660.108093262, 
        376.973175049, 
        177.847183228, 
        158.195877075, 
        144.611740112, 
        82.8950119019, 
        70.9928817749, 
        30.0575656891, 
        15.8314914703, 
        1.98604691029, 
        0.194003328681, 
        0.0150452936068, 
        0.000639341364149, 
        9.17915895116e-06, 
        2.63979217152e-07
      ], 
      "max": [
        2.68760681152, 
        26.5573921204, 
        61.3818016052, 
        104.423095703, 
        162.283462524, 
        239.945922852, 
        445.232971191, 
        280.800750732, 
        429.832275391, 
        632.229003906, 
        857.015441895, 
        1068.65332031, 
        709.731689453, 
        822.003295898, 
        855.995422363, 
        995.855102539, 
        688.321777344, 
        1358.2644043, 
        945.452026367, 
        914.345703125, 
        709.63671875, 
        759.065917969, 
        474.081573486, 
        806.975036621, 
        685.917785645, 
        328.029907227, 
        317.555847168, 
        215.993148804, 
        149.470672607, 
        216.449356079, 
        141.688140869, 
        143.702957153, 
        83.9470062256, 
        61.4273872375, 
        22.3325366974, 
        6.07332897186, 
        1.37858629227, 
        0.400456339121, 
        0.0545433200896, 
        0.0139310397208
      ], 
      "mean": [
        0.193529620767, 
        1.47992444038, 
        4.09219646454, 
        6.96035528183, 
        8.92853450775, 
        13.4317913055, 
        19.6307067871, 
        16.9855957031, 
        20.5481719971, 
        23.1012058258, 
        25.1772651672, 
        20.822555542, 
        25.8378314972, 
        25.6731739044, 
        23.2675971985, 
        30.6662216187, 
        25.8408718109, 
        54.2602539063, 
        35.8721084595, 
        33.7603797913, 
        31.9727649689, 
        22.1579036713, 
        24.6730670929, 
        26.5260353088, 
        20.8610973358, 
        17.3583469391, 
        14.0202646255, 
        10.024061203, 
        8.46039676666, 
        6.40537595749, 
        4.92066526413, 
        4.15970182419, 
        2.66936373711, 
        1.48765134811, 
        0.614307224751, 
        0.237296044827, 
        0.0694588050246, 
        0.0113957971334, 
        0.00117403501645, 
        9.8059164884e-05
      ], 
      "median": [
        0.10000038892, 
        0.804092288017, 
        2.23132658005, 
        3.86388015747, 
        5.40060710907, 
        8.06060028076, 
        10.3369750977, 
        8.23460960388, 
        10.072221756, 
        11.3382501602, 
        9.1955947876, 
        9.88532447815, 
        12.7739715576, 
        11.6906528473, 
        11.8210353851, 
        15.6980266571, 
        15.0906476974, 
        24.5970668793, 
        18.0173072815, 
        16.0037937164, 
        13.2315311432, 
        12.6646347046, 
        13.9116859436, 
        14.2002124786, 
        10.4037055969, 
        9.27324867249, 
        8.57360076904, 
        6.32139921188, 
        4.40738773346, 
        2.9916946888, 
        2.12310385704, 
        1.69810211658, 
        1.16775369644, 
        0.571061193943, 
        0.256791591644, 
        0.103260904551, 
        0.0269590578973, 
        0.00429321918637, 
        0.0004295213148, 
        5.21905094502e-05
      ], 
      "min": [
        7.75354028802e-23, 
        8.12125057026e-22, 
        3.66480714415e-21, 
        1.43945130091e-20, 
        2.32584124322e-20, 
        3.70548964766e-20, 
        4.62564794601e-20, 
        1.18189788969e-19, 
        1.76369731224e-19, 
        1.58888768242e-19, 
        3.46086112739e-19, 
        3.69969143469e-19, 
        5.92533512708e-19, 
        9.88365130113e-19, 
        9.05257466789e-19, 
        1.5800290175e-18, 
        1.88085444376e-18, 
        2.50029815805e-18, 
        2.69955149195e-18, 
        2.99538912251e-18, 
        3.3391990927e-18, 
        5.24175213829e-18, 
        6.14896826537e-18, 
        6.34884198474e-18, 
        7.16028300459e-18, 
        6.67122818385e-18, 
        1.21458883264e-17, 
        1.2613778904e-17, 
        9.89296597521e-18, 
        1.33145456395e-17, 
        1.27667957368e-17, 
        1.21621109926e-17, 
        1.10961622147e-17, 
        8.5962933634e-18, 
        6.30526859161e-18, 
        3.70725434703e-18, 
        2.50107136513e-18, 
        1.07605175511e-18, 
        2.79336773209e-19, 
        2.72031592253e-20
      ], 
      "var": [
        0.0643043741584, 
        4.77092266083, 
        33.0941581726, 
        80.906867981, 
        142.239837646, 
        299.286865234, 
        811.85357666, 
        633.038574219, 
        1052.34106445, 
        1393.90112305, 
        2731.89819336, 
        1702.21105957, 
        2232.42675781, 
        2909.87353516, 
        1685.09790039, 
        3103.17260742, 
        1388.41992188, 
        7724.91601563, 
        2978.89697266, 
        3173.54467773, 
        3890.82446289, 
        1240.58911133, 
        1181.0802002, 
        1549.30200195, 
        1180.29406738, 
        541.090209961, 
        287.82043457, 
        138.392089844, 
        129.658401489, 
        103.326515198, 
        66.590423584, 
        54.771446228, 
        25.0481929779, 
        11.1659832001, 
        1.50164747238, 
        0.16020925343, 
        0.0143084153533, 
        0.000439799099695, 
        6.28764701105e-06, 
        1.25227828107e-07
      ]
    }, 
    "erbbands_crest": {
      "dmean": 2.55580115318, 
      "dmean2": 4.15288162231, 
      "dvar": 6.35099649429, 
      "dvar2": 15.1751213074, 
      "max": 25.926404953, 
      "mean": 7.98561954498, 
      "median": 7.06240367889, 
      "min": 2.28500247002, 
      "var": 15.6828775406
    }, 
    "erbbands_flatness_db": {
      "dmean": 0.0155353238806, 
      "dmean2": 0.0234644152224, 
      "dvar": 0.000239267654251, 
      "dvar2": 0.000479232228827, 
      "max": 0.263365834951, 
      "mean": 0.129078343511, 
      "median": 0.124778777361, 
      "min": 0.0394836626947, 
      "var": 0.00105287821498
    }, 
    "erbbands_kurtosis": {
      "dmean": 0.72257143259, 
      "dmean2": 1.1698268652, 
      "dvar": 0.957957565784, 
      "dvar2": 2.34200167656, 
      "max": 19.6297168732, 
      "mean": 0.16115732491, 
      "median": -0.209797352552, 
      "min": -1.73266994953, 
      "var": 2.03359007835
    }, 
    "erbbands_skewness": {
      "dmean": 0.309995174408, 
      "dmean2": 0.488558351994, 
      "dvar": 0.0977086871862, 
      "dvar2": 0.229180440307, 
      "max": 4.32267093658, 
      "mean": 0.156254798174, 
      "median": 0.0924263596535, 
      "min": -2.27715373039, 
      "var": 0.449362188578
    }, 
    "erbbands_spread": {
      "dmean": 8.42825126648, 
      "dmean2": 13.2984952927, 
      "dvar": 73.4989547729, 
      "dvar2": 173.206192017, 
      "max": 123.213943481, 
      "mean": 41.891494751, 
      "median": 40.0627822876, 
      "min": 7.47498226166, 
      "var": 247.237136841
    }, 
    "gfcc": {
      "cov": [
        [
          15583.8115234, 
          -174.878570557, 
          -933.610839844, 
          278.153594971, 
          -388.024139404, 
          252.893035889, 
          -411.134765625, 
          185.141983032, 
          -366.168518066, 
          145.83883667, 
          -237.336746216, 
          -46.4677276611, 
          -233.099731445
        ], 
        [
          -174.878570557, 
          1035.40661621, 
          -128.017868042, 
          70.5322723389, 
          26.425365448, 
          -39.057926178, 
          151.960906982, 
          -62.8365745544, 
          130.96257019, 
          -48.2919502258, 
          96.0095062256, 
          -34.6952972412, 
          93.8380661011
        ], 
        [
          -933.610839844, 
          -128.017868042, 
          506.880615234, 
          3.49561524391, 
          75.3509902954, 
          38.8946647644, 
          26.8154582977, 
          -8.5289478302, 
          18.0375366211, 
          28.7762966156, 
          15.7076301575, 
          55.0760002136, 
          -20.4432373047
        ], 
        [
          278.153594971, 
          70.5322723389, 
          3.49561524391, 
          286.705200195, 
          71.509475708, 
          59.4393882751, 
          32.4792900085, 
          22.1866054535, 
          40.685585022, 
          -22.1517105103, 
          11.5713510513, 
          -26.8358135223, 
          22.0767250061
        ], 
        [
          -388.024139404, 
          26.425365448, 
          75.3509902954, 
          71.509475708, 
          253.841964722, 
          58.5850830078, 
          75.1957550049, 
          16.3281288147, 
          19.0837879181, 
          17.497461319, 
          -8.84052085876, 
          -3.51876711845, 
          -5.41992139816
        ], 
        [
          252.893035889, 
          -39.057926178, 
          38.8946647644, 
          59.4393882751, 
          58.5850830078, 
          159.813369751, 
          46.9726409912, 
          31.9957447052, 
          -0.0803857147694, 
          -0.268379986286, 
          -5.73904418945, 
          -11.9906387329, 
          -5.31147098541
        ], 
        [
          -411.134765625, 
          151.960906982, 
          26.8154582977, 
          32.4792900085, 
          75.1957550049, 
          46.9726409912, 
          147.027435303, 
          21.4460887909, 
          51.852180481, 
          -8.99852466583, 
          15.4356927872, 
          -8.04580974579, 
          15.7085762024
        ], 
        [
          185.141983032, 
          -62.8365745544, 
          -8.5289478302, 
          22.1866054535, 
          16.3281288147, 
          31.9957447052, 
          21.4460887909, 
          106.144592285, 
          18.9722156525, 
          16.2205982208, 
          -7.44097566605, 
          -7.23678541183, 
          1.90923392773
        ], 
        [
          -366.168518066, 
          130.96257019, 
          18.0375366211, 
          40.685585022, 
          19.0837879181, 
          -0.0803857147694, 
          51.852180481, 
          18.9722156525, 
          106.50743866, 
          2.94679617882, 
          28.3099460602, 
          -9.15477466583, 
          24.1948623657
        ], 
        [
          145.83883667, 
          -48.2919502258, 
          28.7762966156, 
          -22.1517105103, 
          17.497461319, 
          -0.268379986286, 
          -8.99852466583, 
          16.2205982208, 
          2.94679617882, 
          85.8636322021, 
          23.9370861053, 
          14.4050855637, 
          -14.2252445221
        ], 
        [
          -237.336746216, 
          96.0095062256, 
          15.7076301575, 
          11.5713510513, 
          -8.84052085876, 
          -5.73904418945, 
          15.4356927872, 
          -7.44097566605, 
          28.3099460602, 
          23.9370861053, 
          84.3936920166, 
          21.3044567108, 
          20.8510456085
        ], 
        [
          -46.4677276611, 
          -34.6952972412, 
          55.0760002136, 
          -26.8358135223, 
          -3.51876711845, 
          -11.9906387329, 
          -8.04580974579, 
          -7.23678541183, 
          -9.15477466583, 
          14.4050855637, 
          21.3044567108, 
          67.6572418213, 
          13.965382576
        ], 
        [
          -233.099731445, 
          93.8380661011, 
          -20.4432373047, 
          22.0767250061, 
          -5.41992139816, 
          -5.31147098541, 
          15.7085762024, 
          1.90923392773, 
          24.1948623657, 
          -14.2252445221, 
          20.8510456085, 
          13.965382576, 
          67.6185302734
        ]
      ], 
      "icov": [
        [
          0.000128742714878, 
          -0.000177008550963, 
          0.000232650345424, 
          -0.000271766650258, 
          0.000252800440649, 
          -0.000338021112839, 
          0.00031336635584, 
          -0.000249478820479, 
          0.000291275791824, 
          -0.000418811308919, 
          0.000490578415338, 
          -0.000471035687951, 
          0.000530157471076
        ], 
        [
          -0.000177008550963, 
          0.00202258257195, 
          7.78747344157e-05, 
          0.000349146430381, 
          -0.000434592686361, 
          0.00100595050026, 
          -0.00193369097542, 
          0.00168369105086, 
          -0.00136729690712, 
          0.00107218674384, 
          -0.00212110974826, 
          0.00177629152313, 
          -0.0020596254617
        ], 
        [
          0.000232650345424, 
          7.78747344157e-05, 
          0.00299665960483, 
          -0.000537052867003, 
          -8.00868292572e-05, 
          -0.00112035009079, 
          0.000199711095775, 
          0.000343775580404, 
          -0.000668983033393, 
          -0.00081944122212, 
          0.000724907207768, 
          -0.00317775178701, 
          0.00212449557148
        ], 
        [
          -0.000271766650258, 
          0.000349146430381, 
          -0.000537052867003, 
          0.00520569086075, 
          -0.0018513557734, 
          -0.000680529687088, 
          0.000431252381532, 
          -3.39063444699e-05, 
          -0.0018375350628, 
          0.00248374673538, 
          -0.00232089776546, 
          0.0027440704871, 
          -0.00225547840819
        ], 
        [
          0.000252800440649, 
          -0.000434592686361, 
          -8.00868292572e-05, 
          -0.0018513557734, 
          0.0061189411208, 
          -0.00135295349173, 
          -0.0021628360264, 
          -3.5281493183e-05, 
          0.000968317501247, 
          -0.00300839776173, 
          0.00295244855806, 
          -0.00133314705454, 
          0.00132799241692
        ], 
        [
          -0.000338021112839, 
          0.00100595050026, 
          -0.00112035009079, 
          -0.000680529687088, 
          -0.00135295349173, 
          0.00944200716913, 
          -0.00369711429812, 
          -0.000985694350675, 
          0.00127600878477, 
          0.00122537137941, 
          -0.0018389201723, 
          0.00275494670495, 
          -0.00135857088026
        ], 
        [
          0.00031336635584, 
          -0.00193369097542, 
          0.000199711095775, 
          0.000431252381532, 
          -0.0021628360264, 
          -0.00369711429812, 
          0.0130089567974, 
          -0.00271913642064, 
          -0.00287045049481, 
          0.00123133789748, 
          0.000435476424173, 
          -0.00142212328501, 
          0.00171976361889
        ], 
        [
          -0.000249478820479, 
          0.00168369105086, 
          0.000343775580404, 
          -3.39063444699e-05, 
          -3.5281493183e-05, 
          -0.000985694350675, 
          -0.00271913642064, 
          0.0129331098869, 
          -0.00336373015307, 
          -0.00237430934794, 
          0.00098537968006, 
          0.00160580256488, 
          -0.002826719312
        ], 
        [
          0.000291275791824, 
          -0.00136729690712, 
          -0.000668983033393, 
          -0.0018375350628, 
          0.000968317501247, 
          0.00127600878477, 
          -0.00287045049481, 
          -0.00336373015307, 
          0.0158490370959, 
          -0.00216008722782, 
          -0.00168366229627, 
          0.00240956339985, 
          -0.00186498451512
        ], 
        [
          -0.000418811308919, 
          0.00107218674384, 
          -0.00081944122212, 
          0.00248374673538, 
          -0.00300839776173, 
          0.00122537137941, 
          0.00123133789748, 
          -0.00237430934794, 
          -0.00216008722782, 
          0.0179423168302, 
          -0.00824785698205, 
          -0.000222036556806, 
          0.00278246449307
        ], 
        [
          0.000490578415338, 
          -0.00212110974826, 
          0.000724907207768, 
          -0.00232089776546, 
          0.00295244855806, 
          -0.0018389201723, 
          0.000435476424173, 
          0.00098537968006, 
          -0.00168366229627, 
          -0.00824785698205, 
          0.0208663288504, 
          -0.0072153066285, 
          -0.000502046430483
        ], 
        [
          -0.000471035687951, 
          0.00177629152313, 
          -0.00317775178701, 
          0.0027440704871, 
          -0.00133314705454, 
          0.00275494670495, 
          -0.00142212328501, 
          0.00160580256488, 
          0.00240956339985, 
          -0.000222036556806, 
          -0.0072153066285, 
          0.0240075029433, 
          -0.00919318385422
        ], 
        [
          0.000530157471076, 
          -0.0020596254617, 
          0.00212449557148, 
          -0.00225547840819, 
          0.00132799241692, 
          -0.00135857088026, 
          0.00171976361889, 
          -0.002826719312, 
          -0.00186498451512, 
          0.00278246449307, 
          -0.000502046430483, 
          -0.00919318385422, 
          0.0238395929337
        ]
      ], 
      "mean": [
        22.4356479645, 
        83.7426223755, 
        -111.275260925, 
        37.9009513855, 
        -53.9088935852, 
        15.8727884293, 
        -36.2594909668, 
        5.29526329041, 
        -23.4333171844, 
        4.82069158554, 
        -13.6719360352, 
        -0.592826426029, 
        -10.7613830566
      ]
    }, 
    "hfc": {
      "dmean": 7.33295822144, 
      "dmean2": 11.4228496552, 
      "dvar": 116.84703064, 
      "dvar2": 275.802642822, 
      "max": 189.872283936, 
      "mean": 24.6812667847, 
      "median": 20.5338191986, 
      "min": 1.0984589943e-16, 
      "var": 353.258972168
    }, 
    "melbands": {
      "dmean": [
        0.00139732367825, 
        0.0017192447558, 
        0.000904111424461, 
        0.000586052425206, 
        0.000386490952224, 
        0.000235135768889, 
        0.000188896199688, 
        0.000142934193718, 
        0.000142686170875, 
        8.3502731286e-05, 
        7.06382852513e-05, 
        6.04839951848e-05, 
        4.80508897454e-05, 
        5.01430258737e-05, 
        4.02345867769e-05, 
        3.54952426278e-05, 
        7.40032774047e-05, 
        3.78337645088e-05, 
        2.68518633675e-05, 
        3.54614567186e-05, 
        2.42950191023e-05, 
        1.57935282914e-05, 
        1.3820539607e-05, 
        1.12877751235e-05, 
        1.24509524539e-05, 
        8.48421677802e-06, 
        7.81201833888e-06, 
        6.09292965237e-06, 
        4.66274786959e-06, 
        3.93779009755e-06, 
        2.73901378023e-06, 
        2.71739463642e-06, 
        2.34562821788e-06, 
        2.02012643058e-06, 
        1.54912413564e-06, 
        1.81694633739e-06, 
        1.34347203584e-06, 
        1.0722285424e-06, 
        8.83951372543e-07, 
        7.12606890829e-07
      ], 
      "dmean2": [
        0.00246330816299, 
        0.00303209386766, 
        0.00158486247528, 
        0.00101946492214, 
        0.000633962452412, 
        0.000383742997656, 
        0.00031361595029, 
        0.000233454673435, 
        0.000230479476159, 
        0.00013504025992, 
        0.000110334236524, 
        9.65183062362e-05, 
        7.7981458162e-05, 
        8.09839038993e-05, 
        6.54108225717e-05, 
        5.84532754146e-05, 
        0.000119349148008, 
        6.23222367722e-05, 
        4.37184644397e-05, 
        5.92238902755e-05, 
        4.24496647611e-05, 
        2.68730345852e-05, 
        2.34499420912e-05, 
        1.87488458323e-05, 
        2.03721920116e-05, 
        1.39430558193e-05, 
        1.28105502881e-05, 
        9.9624876384e-06, 
        7.74130694481e-06, 
        6.47687375022e-06, 
        4.39317500422e-06, 
        4.34209550804e-06, 
        3.75007539333e-06, 
        3.29756494466e-06, 
        2.46663876169e-06, 
        2.95455402011e-06, 
        2.1665150598e-06, 
        1.68627832409e-06, 
        1.37476217787e-06, 
        1.10316693736e-06
      ], 
      "dvar": [
        4.93155812364e-06, 
        1.03957299871e-05, 
        2.43324916482e-06, 
        1.02616979802e-06, 
        3.5958160538e-07, 
        1.57607104256e-07, 
        1.34756859893e-07, 
        9.77513963107e-08, 
        1.38163485985e-07, 
        4.87340088284e-08, 
        2.63466297667e-08, 
        1.94183780167e-08, 
        8.56733972654e-09, 
        1.27234818237e-08, 
        7.36557437264e-09, 
        5.20835508055e-09, 
        2.23007141642e-08, 
        6.51051346168e-09, 
        3.10718073493e-09, 
        9.24675269687e-09, 
        4.05678157733e-09, 
        1.31477484455e-09, 
        7.12134795577e-10, 
        4.04619643346e-10, 
        5.44683353976e-10, 
        3.70240560432e-10, 
        2.60238691707e-10, 
        1.37082359353e-10, 
        8.64061183714e-11, 
        4.16367461342e-11, 
        2.88603967113e-11, 
        2.74457262472e-11, 
        2.65553360551e-11, 
        2.35557476302e-11, 
        1.35742745169e-11, 
        1.83041307805e-11, 
        1.08819385794e-11, 
        6.9587816412e-12, 
        6.22195264061e-12, 
        5.2435720696e-12
      ], 
      "dvar2": [
        1.42388262248e-05, 
        2.89874733426e-05, 
        6.82801828589e-06, 
        2.83402118839e-06, 
        8.73376052368e-07, 
        3.98547086888e-07, 
        3.53641866013e-07, 
        2.50564198723e-07, 
        3.41414420291e-07, 
        1.20499862533e-07, 
        6.26141059001e-08, 
        4.34149747264e-08, 
        2.10741912809e-08, 
        3.02061273771e-08, 
        1.8943724811e-08, 
        1.27540431549e-08, 
        5.26361105813e-08, 
        1.61274549271e-08, 
        7.52633155798e-09, 
        2.26353389365e-08, 
        1.1465854044e-08, 
        3.55564555576e-09, 
        1.89050108901e-09, 
        1.04677788659e-09, 
        1.26146071366e-09, 
        9.52128931253e-10, 
        6.54449106019e-10, 
        3.52748164012e-10, 
        2.2158568036e-10, 
        1.03286136588e-10, 
        6.95781834925e-11, 
        6.43635145181e-11, 
        6.33889329915e-11, 
        5.71756288148e-11, 
        3.1573132997e-11, 
        4.51315616823e-11, 
        2.62823512953e-11, 
        1.59912465214e-11, 
        1.44825323609e-11, 
        1.2137614698e-11
      ], 
      "max": [
        0.0214159749448, 
        0.0316641964018, 
        0.0171988625079, 
        0.0127916866913, 
        0.0115303630009, 
        0.00618088850752, 
        0.00584212690592, 
        0.00557162007317, 
        0.00701513281092, 
        0.00838941801339, 
        0.00364502775483, 
        0.00367704010569, 
        0.00210409611464, 
        0.00394137622789, 
        0.00280914851464, 
        0.00187522941269, 
        0.00312113948166, 
        0.00153014238458, 
        0.00115544965956, 
        0.00213126488961, 
        0.000845598988235, 
        0.00104789901525, 
        0.00063563673757, 
        0.000427122024121, 
        0.000772910774685, 
        0.000708715990186, 
        0.000380814715754, 
        0.000251274614129, 
        0.000239027707721, 
        0.000107036386908, 
        0.000164609096828, 
        9.1170106316e-05, 
        0.000112114816147, 
        0.000124782207422, 
        8.53441088111e-05, 
        9.100153693e-05, 
        0.000107912681415, 
        6.5258682298e-05, 
        5.16345608048e-05, 
        5.33077254659e-05
      ], 
      "mean": [
        0.00179358082823, 
        0.00214555440471, 
        0.0012336790096, 
        0.00081085896818, 
        0.000655590556562, 
        0.000416022638092, 
        0.000332670286298, 
        0.000235473955399, 
        0.000214163490455, 
        0.000127417006297, 
        0.000125859849504, 
        9.9269891507e-05, 
        7.80026457505e-05, 
        7.83722134656e-05, 
        6.51768277748e-05, 
        5.60972839594e-05, 
        0.000112506306323, 
        5.89856608713e-05, 
        4.43851058662e-05, 
        5.53994650545e-05, 
        3.27181551256e-05, 
        2.36782634602e-05, 
        2.25805069931e-05, 
        2.01318180189e-05, 
        2.21145564865e-05, 
        1.49988536577e-05, 
        1.3822852452e-05, 
        1.1243746485e-05, 
        8.84629935172e-06, 
        7.70858878241e-06, 
        5.20062621945e-06, 
        4.95765289088e-06, 
        4.11421206081e-06, 
        3.29421573042e-06, 
        2.6835089102e-06, 
        3.07113486997e-06, 
        2.27255168284e-06, 
        1.89195645817e-06, 
        1.55439045102e-06, 
        1.17160379887e-06
      ], 
      "median": [
        0.00103235663846, 
        0.0012791112531, 
        0.000750074745156, 
        0.000492625928018, 
        0.000382731668651, 
        0.000204094249057, 
        0.000162853713846, 
        0.000112156558316, 
        6.87167048454e-05, 
        6.26314431429e-05, 
        5.92457254243e-05, 
        4.18626295868e-05, 
        3.87733816751e-05, 
        3.81556965294e-05, 
        3.53991781594e-05, 
        2.56497696682e-05, 
        4.32602464571e-05, 
        2.6096809961e-05, 
        2.02911942324e-05, 
        1.6042667994e-05, 
        1.37634888233e-05, 
        1.19985561469e-05, 
        1.16934888865e-05, 
        1.15355123853e-05, 
        1.10252422019e-05, 
        7.17721468391e-06, 
        6.63391801936e-06, 
        5.51433731744e-06, 
        5.21212541571e-06, 
        4.48247374152e-06, 
        2.90103571388e-06, 
        2.5486094728e-06, 
        1.87679290775e-06, 
        1.46843694893e-06, 
        1.17592367133e-06, 
        1.10715677692e-06, 
        9.69165057541e-07, 
        8.3391626049e-07, 
        6.1687563857e-07, 
        4.13800535171e-07
      ], 
      "min": [
        1.37893182055e-24, 
        2.21029635413e-24, 
        3.07197700952e-24, 
        2.73800327896e-24, 
        1.55072600419e-24, 
        2.93681239872e-24, 
        2.44940088337e-24, 
        1.41682623325e-24, 
        2.6790256711e-24, 
        1.89703673044e-24, 
        2.92552774347e-24, 
        3.58488332604e-24, 
        3.05410950723e-24, 
        3.81961519927e-24, 
        3.95690855122e-24, 
        3.52916726359e-24, 
        4.07075340719e-24, 
        2.87854811834e-24, 
        4.01542428102e-24, 
        3.93013697868e-24, 
        3.34968957474e-24, 
        4.9458983405e-24, 
        4.80459718072e-24, 
        4.62361750071e-24, 
        4.51259676678e-24, 
        5.14996324604e-24, 
        3.67525010374e-24, 
        4.23531413075e-24, 
        5.75053054737e-24, 
        6.48545506035e-24, 
        5.60969639325e-24, 
        4.14098648244e-24, 
        6.2196116963e-24, 
        7.53221273928e-24, 
        5.52239197358e-24, 
        6.47873988189e-24, 
        6.73325756992e-24, 
        7.40700710299e-24, 
        7.13354452589e-24, 
        6.52828902421e-24
      ], 
      "var": [
        5.2482623687e-06, 
        8.60780710354e-06, 
        2.29877173297e-06, 
        1.03631384718e-06, 
        7.09751759587e-07, 
        3.36374739618e-07, 
        2.6487501259e-07, 
        1.44165795746e-07, 
        2.27875275982e-07, 
        6.58550334265e-08, 
        5.83438399815e-08, 
        4.85526214788e-08, 
        1.75693593008e-08, 
        2.45125342246e-08, 
        1.22272538761e-08, 
        1.07028510499e-08, 
        3.8883687381e-08, 
        1.09401874226e-08, 
        6.2180269822e-09, 
        2.1192409605e-08, 
        3.8412566461e-09, 
