{
  "lowlevel": {
    "average_loudness": 0.832572877407, 
    "barkbands": {
      "dmean": [
        0.0142215332016, 
        0.0175249688327, 
        0.0029071487952, 
        0.00193107523955, 
        0.00305481324904, 
        0.00172094884329, 
        0.000713343382813, 
        0.000605705892667, 
        0.000538063410204, 
        0.000433722889284, 
        0.000303918146528, 
        0.000258800399024, 
        0.000215352745727, 
        0.000166499230545, 
        0.00021303986432, 
        0.0002375550539, 
        0.000138160045026, 
        0.000135278809466, 
        0.000153092274559, 
        0.000109783286462, 
        8.03177972557e-05, 
        3.5234454117e-05, 
        1.28712381411e-05, 
        6.96049983162e-06, 
        4.2325227696e-06, 
        1.011499171e-05, 
        0.000152038352098
      ], 
      "dmean2": [
        0.0242557041347, 
        0.0288995746523, 
        0.00490322429687, 
        0.00318523403257, 
        0.0049475133419, 
        0.00275114434771, 
        0.0011172182858, 
        0.000967974832747, 
        0.000847022456583, 
        0.000707017374225, 
        0.000485994503833, 
        0.000415539660025, 
        0.000346760702087, 
        0.000269940908765, 
        0.000346174027072, 
        0.00040086050285, 
        0.000235299914493, 
        0.000212846061913, 
        0.000231317128055, 
        0.000162158627063, 
        0.000117739786219, 
        5.30652287125e-05, 
        2.06843778869e-05, 
        1.16113042168e-05, 
        7.23463335817e-06, 
        1.59428655024e-05, 
        0.000206248267205
      ], 
      "dvar": [
        0.000983740086667, 
        0.00101907143835, 
        2.22294092964e-05, 
        1.31490696731e-05, 
        2.03869731195e-05, 
        1.56297683134e-05, 
        2.39241626332e-06, 
        1.0680005289e-06, 
        1.53821929416e-06, 
        1.15918930987e-06, 
        5.40499002e-07, 
        3.55999588919e-07, 
        1.81309701475e-07, 
        1.06807114264e-07, 
        1.49665467575e-07, 
        1.94801643261e-07, 
        8.43015186547e-08, 
        1.01673627739e-07, 
        1.34983977773e-07, 
        1.21229518868e-07, 
        5.48523217958e-08, 
        1.00858370544e-08, 
        8.76565819929e-10, 
        1.28191346427e-10, 
        5.48850652426e-11, 
        3.39095307389e-10, 
        6.53694200992e-08
      ], 
      "dvar2": [
        0.00264487555251, 
        0.00286601111293, 
        5.85707530263e-05, 
        3.16266268783e-05, 
        5.23226990481e-05, 
        3.82351281587e-05, 
        5.69809026274e-06, 
        2.67157565759e-06, 
        3.39548796546e-06, 
        2.80322069557e-06, 
        1.36511630444e-06, 
        8.26188568226e-07, 
        4.51251622735e-07, 
        2.58198753045e-07, 
        3.75885349513e-07, 
        5.13895201948e-07, 
        2.2599978422e-07, 
        2.22058091026e-07, 
        2.67859689984e-07, 
        2.43353127871e-07, 
        1.08182014458e-07, 
        2.00841316911e-08, 
        2.13609752109e-09, 
        3.30663441073e-10, 
        1.4482753885e-10, 
        8.29031177041e-10, 
        1.18646930503e-07
      ], 
      "max": [
        0.444800496101, 
        0.44681417942, 
        0.0958842337132, 
        0.075820505619, 
        0.0891161486506, 
        0.0834275186062, 
        0.0343841686845, 
        0.0187241882086, 
        0.0381119512022, 
        0.0306751467288, 
        0.0191840361804, 
        0.0250217001885, 
        0.0101550333202, 
        0.0140733774751, 
        0.00719864154235, 
        0.00980455148965, 
        0.00496078561991, 
        0.00937743205577, 
        0.0147417392582, 
        0.0121564278379, 
        0.00793007947505, 
        0.00486038113013, 
        0.00109232158866, 
        0.000158711220138, 
        0.000115465612907, 
        0.000435526453657, 
        0.00561805488542
      ], 
      "mean": [
        0.0174752529711, 
        0.0284208841622, 
        0.00366005068645, 
        0.00230989255942, 
        0.0053559942171, 
        0.00260950322263, 
        0.00116820086259, 
        0.000914034433663, 
        0.000791894621216, 
        0.000589278643019, 
        0.000429121369962, 
        0.000439639290562, 
        0.000340870581567, 
        0.000255783670582, 
        0.000336772092851, 
        0.000331047078362, 
        0.000179754933924, 
        0.000211816310184, 
        0.000265605893219, 
        0.000180090020876, 
        0.000136965027195, 
        6.82432000758e-05, 
        2.5531880965e-05, 
        1.16082737804e-05, 
        4.01239094572e-06, 
        2.46681156568e-05, 
        0.000431812484749
      ], 
      "median": [
        0.00724383350462, 
        0.0178741328418, 
        0.00183225609362, 
        0.00101700704545, 
        0.00330833927728, 
        0.00101065065246, 
        0.000413504021708, 
        0.000443597789854, 
        0.000289754039841, 
        0.000183019044925, 
        0.00015554059064, 
        0.00015336679644, 
        0.000128554413095, 
        0.000115943548735, 
        0.000152941924171, 
        0.000132438639412, 
        5.07270524395e-05, 
        6.40183716314e-05, 
        6.50840229355e-05, 
        5.27089650859e-05, 
        3.18905731547e-05, 
        1.72641994141e-05, 
        7.07047956894e-06, 
        4.01640681957e-06, 
        1.41689633892e-06, 
        6.34696971247e-06, 
        0.000163777876878
      ], 
      "min": [
        1.20248296315e-24, 
        5.14660624846e-24, 
        3.76944640671e-24, 
        8.32057547884e-25, 
        6.24906697364e-24, 
        1.16949023629e-23, 
        8.46660585974e-24, 
        1.46082429943e-23, 
        1.69955822181e-23, 
        2.18188939405e-23, 
        9.19884390691e-24, 
        2.61310174854e-23, 
        2.45341926193e-23, 
        3.2831513662e-23, 
        3.22230179141e-23, 
        7.10678731062e-23, 
        6.20531998217e-23, 
        8.09321495856e-23, 
        1.28605847677e-22, 
        2.02303745175e-22, 
        2.87532958951e-22, 
        2.43404079913e-22, 
        3.984672495e-22, 
        6.27253370808e-22, 
        9.4315169794e-22, 
        1.27709063026e-21, 
        2.21126037056e-21
      ], 
      "var": [
        0.000931849412154, 
        0.00120432418771, 
        2.89541640086e-05, 
        1.78835925908e-05, 
        4.10308712162e-05, 
        2.78008592431e-05, 
        5.69390022065e-06, 
        1.84169834938e-06, 
        3.18952879752e-06, 
        1.88617241292e-06, 
        8.47584601615e-07, 
        7.76068986852e-07, 
        3.70079703771e-07, 
        2.16550731125e-07, 
        2.73518509175e-07, 
        2.87341975991e-07, 
        1.04397315681e-07, 
        1.87486591585e-07, 
        2.97127570548e-07, 
        2.34414969214e-07, 
        9.9197151826e-08, 
        2.01747720752e-08, 
        1.930156035e-09, 
        2.87002005495e-10, 
        5.18405110506e-11, 
        1.53304136052e-09, 
        3.25011711766e-07
      ]
    }, 
    "barkbands_crest": {
      "dmean": 3.22095370293, 
      "dmean2": 5.13945579529, 
      "dvar": 6.93896579742, 
      "dvar2": 17.3348197937, 
      "max": 25.4581356049, 
      "mean": 13.5379199982, 
      "median": 13.3350162506, 
      "min": 2.9137430191, 
      "var": 19.7630844116
    }, 
    "barkbands_flatness_db": {
      "dmean": 0.0390587300062, 
      "dmean2": 0.0616849660873, 
      "dvar": 0.00134566402994, 
      "dvar2": 0.0034680000972, 
      "max": 0.642218530178, 
      "mean": 0.193078652024, 
      "median": 0.180209696293, 
      "min": 0.0435957871377, 
      "var": 0.00584523193538
    }, 
    "barkbands_kurtosis": {
      "dmean": 13.4748277664, 
      "dmean2": 21.7415065765, 
      "dvar": 477.718994141, 
      "dvar2": 1225.88317871, 
      "max": 434.415466309, 
      "mean": 21.6454372406, 
      "median": 12.2856082916, 
      "min": -1.70779788494, 
      "var": 833.835205078
    }, 
    "barkbands_skewness": {
      "dmean": 1.06874263287, 
      "dmean2": 1.67814302444, 
      "dvar": 1.21094703674, 
      "dvar2": 3.11662173271, 
      "max": 15.2360115051, 
      "mean": 3.37110614777, 
      "median": 3.02148532867, 
      "min": -2.13324761391, 
      "var": 3.23934030533
    }, 
    "barkbands_spread": {
      "dmean": 5.28135490417, 
      "dmean2": 8.12881565094, 
      "dvar": 39.5344924927, 
      "dvar2": 86.6337203979, 
      "max": 93.658821106, 
      "mean": 14.3898677826, 
      "median": 10.8973865509, 
      "min": 0.238010391593, 
      "var": 148.379486084
    }, 
    "dissonance": {
      "dmean": 0.0240022707731, 
      "dmean2": 0.0399385541677, 
      "dvar": 0.000703214260284, 
      "dvar2": 0.00189650256652, 
      "max": 0.500000059605, 
      "mean": 0.457163155079, 
      "median": 0.46894288063, 
      "min": 0.156088232994, 
      "var": 0.00152338598855
    }, 
    "dynamic_complexity": 3.26485133171, 
    "erbbands": {
      "dmean": [
        0.944221138954, 
        2.56132626534, 
        3.44316124916, 
        4.85125637054, 
        7.91179561615, 
        11.4429206848, 
        13.7739219666, 
        14.5019788742, 
        10.3563976288, 
        13.8694286346, 
        10.184589386, 
        12.7665395737, 
        13.2197971344, 
        12.4850225449, 
        10.2148447037, 
        11.4191551208, 
        9.31663036346, 
        9.40048885345, 
        7.96579694748, 
        13.6542463303, 
        9.92154598236, 
        7.87190723419, 
        7.76957893372, 
        7.61801624298, 
        6.59064435959, 
        5.37967777252, 
        3.69914889336, 
        2.84581041336, 
        1.46984744072, 
        0.688008010387, 
        0.330264508724, 
        0.178579077125, 
        0.0996295884252, 
        0.0486374273896, 
        0.029967892915, 
        0.0215452481061, 
        0.0215285867453, 
        0.024434696883, 
        0.0167450755835, 
        0.0037346072495
      ], 
      "dmean2": [
        1.56267476082, 
        4.27031707764, 
        5.75700998306, 
        7.96987247467, 
        13.0052223206, 
        18.6369094849, 
        22.6345252991, 
        23.1527709961, 
        15.8163404465, 
        22.5312747955, 
        16.4068260193, 
        20.1295375824, 
        21.0901165009, 
        20.3048725128, 
        16.2490215302, 
        18.21641922, 
        14.8690042496, 
        15.0260896683, 
        13.0328273773, 
        22.0862731934, 
        16.7725524902, 
        13.3428936005, 
        12.2091627121, 
        11.323638916, 
        9.98226547241, 
        7.92739772797, 
        5.52748060226, 
        4.12441539764, 
        2.21524858475, 
        1.07568991184, 
        0.526517212391, 
        0.294188022614, 
        0.16725230217, 
        0.0829323902726, 
        0.0511303544044, 
        0.0359607227147, 
        0.034196909517, 
        0.0352225080132, 
        0.0226794406772, 
        0.00499835377559
      ], 
      "dvar": [
        3.42078852654, 
        18.5400390625, 
        30.7078895569, 
        72.049949646, 
        141.95111084, 
        341.805511475, 
        802.117370605, 
        1403.25231934, 
        612.046264648, 
        843.184814453, 
        387.535003662, 
        898.003295898, 
        1442.9855957, 
        997.100036621, 
        512.242736816, 
        768.150695801, 
        331.164215088, 
        350.853271484, 
        205.796005249, 
        593.763122559, 
        319.917449951, 
        285.689880371, 
        286.839324951, 
        351.231781006, 
        256.737548828, 
        316.925170898, 
        125.40599823, 
        73.2111816406, 
        16.3744602203, 
        3.6007642746, 
        0.467961490154, 
        0.0876555144787, 
        0.0280566420406, 
        0.00706888968125, 
        0.00271782022901, 
        0.001250502537, 
        0.0016596603673, 
        0.00318568618968, 
        0.00116858899128, 
        2.9687607821e-05
      ], 
      "dvar2": [
        9.69769096375, 
        51.737991333, 
        80.8227767944, 
        175.746429443, 
        366.674682617, 
        868.824951172, 
        1962.17053223, 
        3418.42749023, 
        1332.99072266, 
        2174.390625, 
        937.212036133, 
        1954.20092773, 
        3398.73974609, 
        2492.5637207, 
        1279.74816895, 
        1772.86621094, 
        829.977600098, 
        844.134094238, 
        527.201538086, 
        1488.85058594, 
        837.768432617, 
        761.057800293, 
        637.710632324, 
        716.623535156, 
        481.045593262, 
        649.38885498, 
        247.887252808, 
        148.710906982, 
        32.2525672913, 
        8.48956298828, 
        1.12321686745, 
        0.225549265742, 
        0.0724106505513, 
        0.0186341106892, 
        0.0071649774909, 
        0.00322078703903, 
        0.00414667092264, 
        0.00685041677207, 
        0.00216697179712, 
        5.43047171959e-05
      ], 
      "max": [
        24.2601089478, 
        55.6685295105, 
        131.694290161, 
        161.320404053, 
        238.770858765, 
        378.751983643, 
        812.496826172, 
        1006.92181396, 
        697.398010254, 
        843.987792969, 
        543.250427246, 
        938.283508301, 
        1404.66833496, 
        1148.18054199, 
        596.170959473, 
        1284.09155273, 
        487.029541016, 
        755.55657959, 
        405.258300781, 
        547.937988281, 
        317.06918335, 
        294.237426758, 
        385.230957031, 
        469.410217285, 
        774.303344727, 
        713.468017578, 
        357.035247803, 
        314.639434814, 
        182.143447876, 
        77.6033630371, 
        27.6161270142, 
        5.50223875046, 
        2.73617649078, 
        1.30682587624, 
        0.810663819313, 
        0.513683378696, 
        0.930066108704, 
        2.34769868851, 
        1.08978247643, 
        0.0859435424209
      ], 
      "mean": [
        1.42012274265, 
        4.14324569702, 
        4.90795850754, 
        6.46628761292, 
        11.3913030624, 
        18.8516025543, 
        20.5437870026, 
        22.7330818176, 
        18.5375537872, 
        21.3278045654, 
        15.6484222412, 
        19.1673107147, 
        18.7852458954, 
        17.6153526306, 
        16.5807418823, 
        20.2090244293, 
        16.1126403809, 
        15.2510557175, 
        13.2374544144, 
        21.2111949921, 
        14.7359399796, 
        10.4600629807, 
        11.5273704529, 
        13.3932094574, 
        11.5381746292, 
        8.81220912933, 
        6.26674127579, 
        4.77690505981, 
        2.80024051666, 
        1.34019052982, 
        0.649004817009, 
        0.338255882263, 
        0.140372499824, 
        0.0497279465199, 
        0.0291859041899, 
        0.0306713618338, 
        0.0540681220591, 
        0.067996442318, 
        0.0436854660511, 
        0.0123627763242
      ], 
      "median": [
        0.828220546246, 
        2.50793194771, 
        2.85355377197, 
        3.31292009354, 
        6.64118003845, 
        10.6277761459, 
        10.2390060425, 
        8.01272678375, 
        6.04479885101, 
        10.125415802, 
        7.83622312546, 
        7.00882053375, 
        6.03284835815, 
        6.32020807266, 
        7.33376026154, 
        6.80514144897, 
        6.36105251312, 
        6.90844392776, 
        6.97386932373, 
        9.52852249146, 
        6.37581157684, 
        3.14857316017, 
        3.32661008835, 
        3.46315407753, 
        2.99782967567, 
        2.5714905262, 
        1.68137001991, 
        1.03583812714, 
        0.671245455742, 
        0.335097134113, 
        0.192296475172, 
        0.108060956001, 
        0.054516762495, 
        0.0208032820374, 
        0.0110380016267, 
        0.0131605118513, 
        0.0128161758184, 
        0.0125576481223, 
        0.0119452401996, 
        0.00681852037087
      ], 
      "min": [
        1.19481844581e-22, 
        7.13750037934e-22, 
        4.83291460825e-21, 
        3.54541808223e-21, 
        1.35306068698e-20, 
        2.20882927543e-20, 
        4.74925748697e-20, 
        1.08609887178e-19, 
        1.00269929125e-19, 
        2.57803762599e-19, 
        5.06959817183e-19, 
        3.48901266857e-19, 
        4.86507207851e-19, 
        8.34617328151e-19, 
        8.43657740162e-19, 
        1.22998407005e-18, 
        1.41659094976e-18, 
        1.42521575521e-18, 
        3.51329455545e-18, 
        4.55795542671e-18, 
        3.82774933327e-18, 
        4.70567582204e-18, 
        5.46647477684e-18, 
        6.6574622441e-18, 
        8.97781470451e-18, 
        9.89945024403e-18, 
        1.0881711505e-17, 
        1.10992691051e-17, 
        8.99377680879e-18, 
        1.03029919602e-17, 
        1.15380842842e-17, 
        1.10989787647e-17, 
        1.0404828647e-17, 
        9.09689314395e-18, 
        7.31195070581e-18, 
        3.84582943351e-18, 
        2.51442660971e-18, 
        9.40913293888e-19, 
        2.65161844341e-19, 
        2.87444681251e-20
      ], 
      "var": [
        3.65943956375, 
        25.3403873444, 
        42.1818656921, 
        99.6806640625, 
        216.513885498, 
        677.344238281, 
        1248.41003418, 
        2624.15112305, 
        1860.18566895, 
        1384.53564453, 
        655.373413086, 
        1980.45959473, 
        2385.87890625, 
        1468.18725586, 
        902.96282959, 
        1748.44824219, 
        772.858520508, 
        720.166809082, 
        369.576416016, 
        1054.03051758, 
        499.934417725, 
        352.68927002, 
        500.784545898, 
        798.834777832, 
        586.19543457, 
        576.022949219, 
        235.645019531, 
        123.696380615, 
        33.3981666565, 
        6.80759239197, 
        1.13738393784, 
        0.250322818756, 
        0.043855201453, 
        0.00694975676015, 
        0.0025981599465, 
        0.00196368130855, 
        0.00770090892911, 
        0.0132368542254, 
        0.00441950699314, 
        0.000182536241482
      ]
    }, 
    "erbbands_crest": {
      "dmean": 2.80205702782, 
      "dmean2": 4.54992103577, 
      "dvar": 7.1692943573, 
      "dvar2": 17.4112968445, 
      "max": 29.3658351898, 
      "mean": 8.61205863953, 
      "median": 7.46003246307, 
      "min": 2.2590098381, 
      "var": 19.9830093384
    }, 
    "erbbands_flatness_db": {
      "dmean": 0.0251437425613, 
      "dmean2": 0.0396445542574, 
      "dvar": 0.000616334727965, 
      "dvar2": 0.00157732504886, 
      "max": 0.409412294626, 
      "mean": 0.139280825853, 
      "median": 0.123784430325, 
      "min": 0.0400688275695, 
      "var": 0.00271072448231
    }, 
    "erbbands_kurtosis": {
      "dmean": 1.3573154211, 
      "dmean2": 2.15992546082, 
      "dvar": 6.05815649033, 
      "dvar2": 15.0384874344, 
      "max": 70.7389907837, 
      "mean": 0.987348794937, 
      "median": -0.147584915161, 
      "min": -1.74124860764, 
      "var": 14.9366922379
    }, 
    "erbbands_skewness": {
      "dmean": 0.458492279053, 
      "dmean2": 0.698406636715, 
      "dvar": 0.186562478542, 
      "dvar2": 0.423627972603, 
      "max": 6.1022143364, 
      "mean": 0.427748322487, 
      "median": 0.382595688105, 
      "min": -4.09781312943, 
      "var": 0.792160630226
    }, 
    "erbbands_spread": {
      "dmean": 7.91651773453, 
      "dmean2": 12.2612733841, 
      "dvar": 53.7354202271, 
      "dvar2": 124.673332214, 
      "max": 101.717666626, 
      "mean": 36.0045623779, 
      "median": 35.7497215271, 
      "min": 2.16524004936, 
      "var": 250.842544556
    }, 
    "gfcc": {
      "cov": [
        [
          15445.0839844, 
          -929.946777344, 
          -1178.87915039, 
          1409.50549316, 
          565.903564453, 
          -269.76574707, 
          648.690368652, 
          78.2742156982, 
          490.969451904, 
          317.346679688, 
          0.605568230152, 
          277.912994385, 
          -395.103973389
        ], 
        [
          -929.946777344, 
          915.755493164, 
          261.090332031, 
          -285.616424561, 
          43.7478904724, 
          77.2866973877, 
          -118.783950806, 
          7.21753883362, 
          -26.9138870239, 
          9.92810630798, 
          52.678730011, 
          -112.795455933, 
          120.738746643
        ], 
        [
          -1178.87915039, 
          261.090332031, 
          637.410400391, 
          -43.4039802551, 
          -119.202484131, 
          200.777664185, 
          -103.940223694, 
          106.695075989, 
          -21.1044502258, 
          21.3653736115, 
          50.8376808167, 
          25.8787384033, 
          40.3339309692
        ], 
        [
          1409.50549316, 
          -285.616424561, 
          -43.4039802551, 
          509.749298096, 
          212.008361816, 
          -32.981716156, 
          163.748138428, 
          83.2270812988, 
          83.8760604858, 
          57.1449775696, 
          1.97733139992, 
          39.8245506287, 
          -44.5471000671
        ], 
        [
          565.903564453, 
          43.7478904724, 
          -119.202484131, 
          212.008361816, 
          288.807098389, 
          4.15716218948, 
          124.232002258, 
          19.0701599121, 
          59.994342804, 
          28.0509605408, 
          12.2926063538, 
          -15.3564558029, 
          12.4310121536
        ], 
        [
          -269.76574707, 
          77.2866973877, 
          200.777664185, 
          -32.981716156, 
          4.15716218948, 
          301.900054932, 
          -38.5975837708, 
          92.0006942749, 
          -27.2807178497, 
          26.3721466064, 
          16.5566005707, 
          29.0439758301, 
          28.2655391693
        ], 
        [
          648.690368652, 
          -118.783950806, 
          -103.940223694, 
          163.748138428, 
          124.232002258, 
          -38.5975837708, 
          233.371170044, 
          20.2680072784, 
          86.9031143188, 
          5.34364795685, 
          8.81365585327, 
          46.0027618408, 
          -34.2678947449
        ], 
        [
          78.2742156982, 
          7.21753883362, 
          106.695075989, 
          83.2270812988, 
          19.0701599121, 
          92.0006942749, 
          20.2680072784, 
          184.619659424, 
          54.6112251282, 
          60.1979751587, 
          21.7331981659, 
          -11.6108379364, 
          24.7970275879
        ], 
        [
          490.969451904, 
          -26.9138870239, 
          -21.1044502258, 
          83.8760604858, 
          59.994342804, 
          -27.2807178497, 
          86.9031143188, 
          54.6112251282, 
          134.481826782, 
          62.7582054138, 
          18.8792190552, 
          18.6584358215, 
          -16.9358520508
        ], 
        [
          317.346679688, 
          9.92810630798, 
          21.3653736115, 
          57.1449775696, 
          28.0509605408, 
          26.3721466064, 
          5.34364795685, 
          60.1979751587, 
          62.7582054138, 
          102.100753784, 
          46.701210022, 
          1.36773717403, 
          8.61209964752
        ], 
        [
          0.605568230152, 
          52.678730011, 
          50.8376808167, 
          1.97733139992, 
          12.2926063538, 
          16.5566005707, 
          8.81365585327, 
          21.7331981659, 
          18.8792190552, 
          46.701210022, 
          76.9161605835, 
          36.9506416321, 
          10.2809553146
        ], 
        [
          277.912994385, 
          -112.795455933, 
          25.8787384033, 
          39.8245506287, 
          -15.3564558029, 
          29.0439758301, 
          46.0027618408, 
          -11.6108379364, 
          18.6584358215, 
          1.36773717403, 
          36.9506416321, 
          107.175758362, 
          -10.1540594101
        ], 
        [
          -395.103973389, 
          120.738746643, 
          40.3339309692, 
          -44.5471000671, 
          12.4310121536, 
          28.2655391693, 
          -34.2678947449, 
          24.7970275879, 
          -16.9358520508, 
          8.61209964752, 
          10.2809553146, 
          -10.1540594101, 
          87.3407974243
        ]
      ], 
      "icov": [
        [
          0.000154660854605, 
          -0.000334572861902, 
          0.000443958444521, 
          -0.00050654070219, 
          0.000242396665271, 
          -5.30131110281e-05, 
          6.07817601121e-05, 
          -0.000108836858999, 
          1.3153454347e-05, 
          -0.000567156239413, 
          0.00058338366216, 
          -0.000797102344222, 
          0.000633312622085
        ], 
        [
          -0.000334572861902, 
          0.0037788937334, 
          -0.00238394830376, 
          0.00276709464379, 
          -0.00228633149527, 
          -0.000116217888717, 
          -4.78089386888e-05, 
          0.00137275003362, 
          -0.0015605072258, 
          0.00280152959749, 
          -0.00467797042802, 
          0.00577017571777, 
          -0.00362800480798
        ], 
        [
          0.000443958444521, 
          -0.00238394830376, 
          0.00501064443961, 
          -0.00402714777738, 
          0.00426599895582, 
          -0.00277125346474, 
          0.00119861005805, 
          -0.000378653057851, 
          -0.00208285730332, 
          0.00171220558695, 
          -0.00165011920035, 
          -0.00153916527051, 
          0.00124600320123
        ], 
        [
          -0.00050654070219, 
          0.00276709464379, 
          -0.00402714777738, 
          0.0095504745841, 
          -0.00838852953166, 
          0.00458495272323, 
          -0.00136751134414, 
          -0.00398379797116, 
          0.00551824551076, 
          -0.00573662063107, 
          0.00569978076965, 
          -0.00335076730698, 
          0.00149401731323
        ], 
        [
          0.000242396665271, 
          -0.00228633149527, 
          0.00426599895582, 
          -0.00838852953166, 
          0.0137544842437, 
          -0.00609471136704, 
          -0.00225240690634, 
          0.00517330784351, 
          -0.00700862612575, 
          0.00667533557862, 
          -0.00867372006178, 
          0.00790980085731, 
          -0.0044057671912
        ], 
        [
          -5.30131110281e-05, 
          -0.000116217888717, 
          -0.00277125346474, 
          0.00458495272323, 
          -0.00609471136704, 
          0.00920697581023, 
          2.64078298642e-05, 
          -0.00628588860855, 
          0.00839775241911, 
          -0.00863783154637, 
          0.00984717998654, 
          -0.00950096920133, 
          0.00343835842796
        ], 
        [
          6.07817601121e-05, 
          -4.78089386888e-05, 
          0.00119861005805, 
          -0.00136751134414, 
          -0.00225240690634, 
          2.64078298642e-05, 
          0.00976960081607, 
          -0.00126002624165, 
          -0.00556042278185, 
          0.00531091820449, 
          -0.00183006736916, 
          -0.00294113019481, 
          0.00186451000627
        ], 
        [
          -0.000108836858999, 
          0.00137275003362, 
          -0.000378653057851, 
          -0.00398379797116, 
          0.00517330784351, 
          -0.00628588860855, 
          -0.00126002624165, 
          0.0140470182523, 
          -0.0087113538757, 
          0.00449079740793, 
          -0.00916750077158, 
          0.0117515055463, 
          -0.00711822509766
        ], 
        [
          1.3153454347e-05, 
          -0.0015605072258, 
          -0.00208285730332, 
          0.00551824551076, 
          -0.00700862612575, 
          0.00839775241911, 
          -0.00556042278185, 
          -0.0087113538757, 
          0.0260492060333, 
          -0.0218782071024, 
          0.0175525248051, 
          -0.0146095613018, 
          0.00800829660147
        ], 
        [
          -0.000567156239413, 
          0.00280152959749, 
          0.00171220558695, 
          -0.00573662063107, 
          0.00667533557862, 
          -0.00863783154637, 
          0.00531091820449, 
          0.00449079740793, 
          -0.0218782071024, 
          0.040116392076, 
          -0.0317849218845, 
          0.0209950972348, 
          -0.00951661728323
        ], 
        [
          0.00058338366216, 
          -0.00467797042802, 
          -0.00165011920035, 
          0.00569978076965, 
          -0.00867372006178, 
          0.00984717998654, 
          -0.00183006736916, 
          -0.00916750077158, 
          0.0175525248051, 
          -0.0317849218845, 
          0.0474061332643, 
          -0.0303078424186, 
          0.0101413019001
        ], 
        [
          -0.000797102344222, 
          0.00577017571777, 
          -0.00153916527051, 
          -0.00335076730698, 
          0.00790980085731, 
          -0.00950096920133, 
          -0.00294113019481, 
          0.0117515055463, 
          -0.0146095613018, 
          0.0209950972348, 
          -0.0303078424186, 
          0.0369022637606, 
          -0.0121673950925
        ], 
        [
          0.000633312622085, 
          -0.00362800480798, 
          0.00124600320123, 
          0.00149401731323, 
          -0.0044057671912, 
          0.00343835842796, 
          0.00186451000627, 
          -0.00711822509766, 
          0.00800829660147, 
          -0.00951661728323, 
          0.0101413019001, 
          -0.0121673950925, 
          0.021665962413
        ]
      ], 
      "mean": [
        -18.6860294342, 
        106.393531799, 
        -70.9103240967, 
        8.03249740601, 
        -14.7953519821, 
        -15.1947450638, 
        -4.01777839661, 
        -14.5194835663, 
        -4.52815294266, 
        -4.64237070084, 
        -3.99171042442, 
        -1.44381308556, 
        -2.3465731144
      ]
    }, 
    "hfc": {
      "dmean": 35.8430366516, 
      "dmean2": 53.8558769226, 
      "dvar": 1727.5604248, 
      "dvar2": 4093.93774414, 
      "max": 945.044250488, 
      "mean": 129.677993774, 
      "median": 102.588729858, 
      "min": 1.07208457208e-16, 
      "var": 11100.4462891
    }, 
    "melbands": {
      "dmean": [
        0.00684669334441, 
        0.00213360367343, 
        0.000859448278788, 
        0.000649706576951, 
        0.000503399351146, 
        0.000321425264701, 
        0.000150448875502, 
        0.00015164676006, 
        8.34695165395e-05, 
        7.91333150119e-05, 
        6.5921456553e-05, 
        5.16528743901e-05, 
        3.97435396735e-05, 
        2.95928839478e-05, 
        2.3815446184e-05, 
        2.1743158868e-05, 
        1.76532757905e-05, 
        1.23257432278e-05, 
        1.67206453625e-05, 
        2.0420526198e-05, 
        9.93063531496e-06, 
        7.52880077926e-06, 
        9.48404158407e-06, 
        6.10657252764e-06, 
        6.53500637782e-06, 
        5.97285770709e-06, 
        4.05924402003e-06, 
        3.62015975952e-06, 
        2.54321253124e-06, 
        1.97635449695e-06, 
        1.60972012964e-06, 
        9.19198100746e-07, 
        5.85758868965e-07, 
        3.35332686063e-07, 
        2.09271959761e-07, 
        1.48242150999e-07, 
        1.02594846396e-07, 
        7.66691172771e-08, 
        5.02118027157e-08, 
        3.88937202445e-08
      ], 
      "dmean2": [
        0.0113550825045, 
        0.00355295231566, 
        0.00140319485217, 
        0.00105362327304, 
        0.000823067617603, 
        0.000510250742082, 
        0.00023155004601, 
        0.000245440664003, 
        0.000134723333758, 
        0.000124479818624, 
        0.000105621329567, 
        8.43814195832e-05, 
        6.34036114207e-05, 
        4.6946996008e-05, 
        3.82548641937e-05, 
        3.49811343767e-05, 
        2.83965237031e-05, 
        2.03808194783e-05, 
        2.70220243692e-05, 
        3.37526289513e-05, 
        1.69466529769e-05, 
        1.27864223032e-05, 
        1.57793147082e-05, 
        9.42653241509e-06, 
        9.89643558569e-06, 
        9.47461103351e-06, 
        6.0148963712e-06, 
        5.44250724488e-06, 
        3.94912649426e-06, 
        2.91599053526e-06, 
        2.40618714997e-06, 
        1.40817519423e-06, 
        9.1976778549e-07, 
        5.38805693395e-07, 
        3.36472311346e-07, 
        2.46141667049e-07, 
        1.70366050156e-07, 
        1.28873992367e-07, 
        8.50809769304e-08, 
        6.65017552137e-08
      ], 
      "dvar": [
        0.000179133261554, 
        1.0364409718e-05, 
        1.944009e-06, 
        9.89941440821e-07, 
        8.06460093372e-07, 
        6.19512945832e-07, 
        1.1930337962e-07, 
        8.67590159714e-08, 
        2.76963714185e-08, 
        3.33305223421e-08, 
        3.54799318814e-08, 
        1.77026802106e-08, 
        9.43830968936e-09, 
        4.54177806475e-09, 
        2.0870380979e-09, 
        2.00964422881e-09, 
        1.30873600845e-09, 
        5.13950826342e-10, 
        9.64799018455e-10, 
        1.43523026797e-09, 
        3.17117998527e-10, 
        2.4577942459e-10, 
        4.21246953985e-10, 
        2.38558839349e-10, 
        2.69681638132e-10, 
        2.21100082687e-10, 
        1.21974097489e-10, 
        1.59382618214e-10, 
        6.49169398792e-11, 
        3.36276596846e-11, 
        2.5350100491e-11, 
        6.11538640907e-12, 
        2.80940136606e-12, 
        8.30804229666e-13, 
        1.96854332965e-13, 
        6.98758542347e-14, 
        2.8669659691e-14, 
        1.76184716501e-14, 
        6.89969067801e-15, 
        4.66080938018e-15
      ], 
      "dvar2": [
        0.000502484268509, 
        2.81180637103e-05, 
        4.75463230032e-06, 
        2.54194969784e-06, 
        1.99599480766e-06, 
        1.50669427512e-06, 
        2.67714341362e-07, 
        2.23539970534e-07, 
        6.57816983107e-08, 
        7.31880689386e-08, 
        8.34930773408e-08, 
        4.4148809053e-08, 
        2.37526691649e-08, 
        1.05614024193e-08, 
        5.04007457991e-09, 
        5.08293496182e-09, 
        3.08578096408e-09, 
        1.34215782932e-09, 
        2.44376452407e-09, 
        3.73783004548e-09, 
        8.26012258592e-10, 
        6.55675402861e-10, 
        1.06634123753e-09, 
        5.12448972145e-10, 
        5.7109983409e-10, 
        4.46245568275e-10, 
        2.55669679872e-10, 
        3.36585315175e-10, 
        1.37133068789e-10, 
        6.7475476595e-11, 
        5.51594846188e-11, 
        1.19569154924e-11, 
        6.62610808236e-12, 
        2.05836216127e-12, 
        4.76319287832e-13, 
        1.82304109417e-13, 
        7.52445116848e-14, 
        4.58322446564e-14, 
        1.79186245513e-14, 
        1.23017788244e-14
      ], 
      "max": [
        0.170382037759, 
        0.0605575740337, 
        0.0263519696891, 
        0.0239753015339, 
        0.0269270520657, 
        0.0197608377784, 
        0.00914329197258, 
        0.00771842291579, 
        0.00434757675976, 
        0.00504983449355, 
        0.00677291909233, 
        0.00506940530613, 
        0.00280915084295, 
        0.00274470006116, 
        0.00170170364436, 
        0.0010515183676, 
        0.00173694826663, 
        0.000632941082586, 
        0.000621567771304, 
        0.000864411820658, 
        0.000349422218278, 
        0.000358648889232, 
        0.000326464651152, 
        0.000483496958623, 
        0.000429306179285, 
        0.000771512335632, 
        0.00035144231515, 
        0.000521587207913, 
        0.000241332701989, 
        0.00019158142095, 
        0.000179825190571, 
        0.000108121523226, 
        6.72479000059e-05, 
        3.98300908273e-05, 
        1.91223425645e-05, 
        4.82370796817e-06, 
        2.72122724709e-06, 
        2.49510503636e-06, 
        1.23372160488e-06, 
        1.05890683244e-06
      ], 
      "mean": [
        0.0110445767641, 
        0.00351478927769, 
        0.0012429014314, 
        0.00108516274486, 
        0.000803739938419, 
        0.000513260776643, 
        0.000263359863311, 
        0.000231554542552, 
        0.000124088168377, 
        0.000117281342682, 
        9.14417469176e-05, 
        7.03738260199e-05, 
        5.8222500229e-05, 
        5.03048868268e-05, 
        4.23958554165e-05, 
        3.36102493748e-05, 
        2.72836823569e-05, 
        1.89390757441e-05, 
        2.60510496446e-05, 
        2.92362565233e-05, 
        1.41371710924e-05, 
        9.94038873614e-06, 
        1.14813337859e-05, 
        9.87802650343e-06, 
        1.10344462882e-05, 
        9.64651098911e-06, 
        6.72168471283e-06, 
        5.6188509916e-06, 
        4.05241871704e-06, 
        3.28223995893e-06, 
        2.54661904364e-06, 
        1.68584176663e-06, 
        1.05811466256e-06, 
        6.12800079125e-07, 
        3.81470471211e-07, 
        2.77400317827e-07, 
        1.7948919151e-07, 
        1.07343353761e-07, 
        5.68089078001e-08, 
        3.64547041443e-08
      ], 
      "median": [
        0.00706975627691, 
        0.00227020168677, 
        0.00072392373113, 
        0.000669931643642, 
        0.000419524789322, 
        0.000183471187484, 
        8.82591702975e-05, 
        0.000109663946205, 
        5.85515190323e-05, 
        4.17997107434e-05, 
        2.74747399089e-05, 
        2.43305585172e-05, 
        2.21697864617e-05, 
        1.88443991647e-05, 
        1.41672335303e-05, 
        1.35241307362e-05, 
        1.14984522952e-05, 
        9.40094651014e-06, 
        1.13000605779e-05, 
        1.17011895782e-05, 
        5.71343116462e-06, 
        2.91436344924e-06, 
        2.72829993264e-06, 
        3.02651415041e-06, 
        2.72751026387e-06, 
        2.32548836721e-06, 
        1.77723052275e-06, 
        1.63798574704e-06, 
        1.13429450721e-06, 
        6.9564612204e-07, 
        5.51462335352e-07, 
        4.07028267091e-07, 
        2.53030719932e-07, 
        1.53392591073e-07, 
        1.13132301749e-07, 
        8.36009945715e-08, 
        5.69355904645e-08, 
        3.92301160446e-08, 
        2.48934810543e-08, 
        1.23701333621e-08
      ], 
      "min": [
        1.69040151885e-24, 
        1.85188529046e-24, 
        1.29038731154e-24, 
        1.14388607929e-24, 
        1.87295497637e-24, 
        2.38914689857e-24, 
        1.64527690014e-24, 
        2.95652051072e-24, 
        3.75103557648e-24, 
        2.17782999472e-24, 
        2.29962873798e-24, 
        3.04053281662e-24, 
        1.6259515829e-24, 
        3.6891174896e-24, 
        2.84158111025e-24, 
        2.67628635161e-24, 
        2.50370942074e-24, 
        4.84890749777e-24, 
        2.62706103669e-24, 
        5.5983935942e-24, 
        3.93624631196e-24, 
        3.44591482796e-24, 
        3.49496107145e-24, 
        3.94969007951e-24, 
        4.38530301567e-24, 
        5.42462962488e-24, 
        5.882695909e-24, 
        5.56520503262e-24, 
        7.00336354387e-24, 
        4.86444647988e-24, 
        5.84534886716e-24, 
        4.57119572141e-24, 
        4.81703672834e-24, 
        6.46468514157e-24, 
        6.1661628201e-24, 
        6.51474664905e-24, 
        6.04977822644e-24, 
        7.17256158626e-24, 
        6.33372160953e-24, 
        7.92576676743e-24
      ], 
      "var": [
        0.000191548955627, 
        1.59266201081e-05, 
        2.89891818284e-06, 
        1.68987003235e-06, 
        1.51248445945e-06, 
        1.20665038139e-06, 
        3.43805425018e-07, 
        1.45086545444e-07, 
        4.83360409476e-08, 
        7.13785439643e-08, 
        5.88535336021e-08, 
        2.56020999956e-08, 
        1.52239554296e-08, 
        9.60987289744e-09, 
        5.7419278221e-09, 
        3.61100238599e-09, 
        2.8119406803e-09, 
        8.22510171083e-10, 
        1.71192404697e-09, 
        2.24156582185e-09, 
        4.89308094043e-10, 
        3.21061316422e-10, 
