{
  "lowlevel": {
    "average_loudness": 0.895647287369, 
    "barkbands": {
      "dmean": [
        0.0113867884502, 
        0.0138064920902, 
        0.00265092169866, 
        0.00140121637378, 
        0.00225588656031, 
        0.00121066335123, 
        0.000579626997933, 
        0.000469941645861, 
        0.000602695450652, 
        0.000640428042971, 
        0.000466340570711, 
        0.000366379099432, 
        0.000347974564647, 
        0.000228419958148, 
        0.00028729942278, 
        0.000223426264711, 
        0.00017346063396, 
        0.000176706846105, 
        0.000171181702171, 
        0.000171969717485, 
        0.000157315807883, 
        0.000111954301246, 
        7.00568343746e-05, 
        4.45754085376e-05, 
        2.90989760288e-06, 
        3.95982024202e-05, 
        0.000221711743507
      ], 
      "dmean2": [
        0.0198185499758, 
        0.0236036926508, 
        0.00441854959354, 
        0.00229213223793, 
        0.00364262005314, 
        0.00198389519937, 
        0.000938098062761, 
        0.000757925969083, 
        0.000973919348326, 
        0.00103037524968, 
        0.000754866516218, 
        0.000601532228757, 
        0.000564215297345, 
        0.00037220978993, 
        0.000461141084088, 
        0.000360635080142, 
        0.000266974559054, 
        0.000268396048341, 
        0.000251064338954, 
        0.000254165148363, 
        0.000234608451137, 
        0.000169386694324, 
        0.000106975421659, 
        6.6742337367e-05, 
        4.84181418869e-06, 
        5.78916769882e-05, 
        0.000305066350847
      ], 
      "dvar": [
        0.000640040729195, 
        0.000906438101083, 
        2.51599758485e-05, 
        8.78730861587e-06, 
        1.79838825716e-05, 
        6.20562013864e-06, 
        1.17323691029e-06, 
        1.46628678976e-06, 
        2.90609386866e-06, 
        1.88547619473e-06, 
        1.64923687862e-06, 
        4.89096464662e-07, 
        4.44656222953e-07, 
        2.05817983101e-07, 
        4.72946084074e-07, 
        3.1030521086e-07, 
        1.64153576065e-07, 
        1.36947136298e-07, 
        2.21716021542e-07, 
        2.98125740983e-07, 
        1.99342551355e-07, 
        4.19250874018e-08, 
        1.87664692675e-08, 
        6.82201450886e-09, 
        2.75969507663e-11, 
        5.05750596957e-09, 
        1.08088578088e-07
      ], 
      "dvar2": [
        0.0017654846888, 
        0.00249310210347, 
        6.54959658277e-05, 
        2.14733463508e-05, 
        4.22409793828e-05, 
        1.49443540067e-05, 
        2.87771422336e-06, 
        3.41969621331e-06, 
        6.25425218459e-06, 
        4.61608578917e-06, 
        3.70926454707e-06, 
        1.23384631934e-06, 
        1.10117946406e-06, 
        5.30652982889e-07, 
        1.1657638197e-06, 
        7.28781969883e-07, 
        3.36680471946e-07, 
        2.88676289983e-07, 
        4.13518819187e-07, 
        5.92436038005e-07, 
        4.29469508845e-07, 
        9.6601965538e-08, 
        4.43879173417e-08, 
        1.56929047535e-08, 
        6.89220555627e-11, 
        1.14797487072e-08, 
        2.00466971023e-07
      ], 
      "max": [
        0.337457478046, 
        0.330955356359, 
        0.0599355734885, 
        0.0697455108166, 
        0.104447364807, 
        0.101497963071, 
        0.0225215293467, 
        0.0271764453501, 
        0.057370878756, 
        0.03257086128, 
        0.0592455714941, 
        0.0179821401834, 
        0.012149149552, 
        0.0185097940266, 
        0.0249534882605, 
        0.0156223373488, 
        0.0120031945407, 
        0.00881852023304, 
        0.0118632353842, 
        0.0153906373307, 
        0.0134171210229, 
        0.00325113395229, 
        0.00162013794761, 
        0.000741570373066, 
        6.10003917245e-05, 
        0.000744015036616, 
        0.00626417296007
      ], 
      "mean": [
        0.0133179267868, 
        0.0190287381411, 
        0.00316779059358, 
        0.00173094903585, 
        0.00377024500631, 
        0.00186798896175, 
        0.000880860374309, 
        0.000646272848826, 
        0.000846802082378, 
        0.00100698240567, 
        0.0006883511669, 
        0.000566606700886, 
        0.000539726170246, 
        0.000373857445084, 
        0.000459092698293, 
        0.000317940284731, 
        0.000243369184318, 
        0.000276022299659, 
        0.000241651068791, 
        0.000236204694374, 
        0.00022686952434, 
        0.000173625579919, 
        0.000104677215859, 
        5.32105732418e-05, 
        2.9016409826e-06, 
        6.00817911618e-05, 
        0.000578209408559
      ], 
      "median": [
        0.00296910735779, 
        0.00794908590615, 
        0.00106514035724, 
        0.000492871971801, 
        0.00123887346126, 
        0.000783133436926, 
        0.000384474638849, 
        0.000208642304642, 
        0.000315271725412, 
        0.000423835008405, 
        0.000305008667056, 
        0.000302706175717, 
        0.000264566217083, 
        0.000218784305616, 
        0.000214340514503, 
        0.000130133950734, 
        8.16112442408e-05, 
        8.90212249942e-05, 
        7.42157208151e-05, 
        7.30561441742e-05, 
        7.85215961514e-05, 
        8.48010095069e-05, 
        4.44085271738e-05, 
        1.74325741682e-05, 
        8.81568439581e-07, 
        2.92138811346e-05, 
        0.000401458179113
      ], 
      "min": [
        1.91335735045e-25, 
        3.45861075537e-24, 
        2.58357961524e-24, 
        1.16905892659e-24, 
        8.82090380266e-24, 
        1.15428959663e-23, 
        9.21651675777e-24, 
        9.33146010255e-24, 
        1.38152011263e-23, 
        3.03246430784e-23, 
        2.16762647334e-23, 
        1.46991734131e-23, 
        2.90666213493e-23, 
        3.25041994952e-23, 
        6.66853090156e-23, 
        5.68151507892e-23, 
        4.96533603097e-23, 
        8.62684149562e-23, 
        1.29278361065e-22, 
        1.57292275935e-22, 
        2.12639463864e-22, 
        3.19808174214e-22, 
        3.90484507254e-22, 
        4.51386008019e-22, 
        8.77422242217e-22, 
        1.33934162591e-21, 
        2.02151168117e-21
      ], 
      "var": [
        0.000606167071965, 
        0.000893239863217, 
        2.99969542539e-05, 
        1.39438106999e-05, 
        4.28271159763e-05, 
        1.17198414955e-05, 
        2.10347752727e-06, 
        2.52907921094e-06, 
        4.91475429953e-06, 
        3.49057381754e-06, 
        2.48989158536e-06, 
        7.84675535215e-07, 
        7.86036650879e-07, 
        3.08981469743e-07, 
        7.7298608403e-07, 
        4.27941671433e-07, 
        2.61370701082e-07, 
        2.67623534e-07, 
        4.61274652253e-07, 
        5.79030597692e-07, 
        3.12774830036e-07, 
        6.61859900219e-08, 
        2.37688215776e-08, 
        7.86789566831e-09, 
        2.90806337344e-11, 
        7.0569403654e-09, 
        4.48860845381e-07
      ]
    }, 
    "barkbands_crest": {
      "dmean": 2.80573773384, 
      "dmean2": 4.55924320221, 
      "dvar": 6.19098806381, 
      "dvar2": 15.5784816742, 
      "max": 25.4480724335, 
      "mean": 11.2379589081, 
      "median": 10.7676534653, 
      "min": 2.36285305023, 
      "var": 20.7705116272
    }, 
    "barkbands_flatness_db": {
      "dmean": 0.0311884023249, 
      "dmean2": 0.047343339771, 
      "dvar": 0.000899019592907, 
      "dvar2": 0.0020579774864, 
      "max": 0.417582124472, 
      "mean": 0.140582561493, 
      "median": 0.131458252668, 
      "min": 0.0150910969824, 
      "var": 0.00386158470064
    }, 
    "barkbands_kurtosis": {
      "dmean": 8.37369537354, 
      "dmean2": 13.1573286057, 
      "dvar": 332.948425293, 
      "dvar2": 740.844909668, 
      "max": 640.975097656, 
      "mean": 12.8728952408, 
      "median": 5.91042518616, 
      "min": -1.87677168846, 
      "var": 588.676879883
    }, 
    "barkbands_skewness": {
      "dmean": 0.88021916151, 
      "dmean2": 1.34978079796, 
      "dvar": 1.02153348923, 
      "dvar2": 2.38496899605, 
      "max": 20.4270496368, 
      "mean": 2.58445882797, 
      "median": 2.21854400635, 
      "min": -2.11694312096, 
      "var": 3.66130566597
    }, 
    "barkbands_spread": {
      "dmean": 8.04299926758, 
      "dmean2": 12.0946464539, 
      "dvar": 75.7891235352, 
      "dvar2": 160.571365356, 
      "max": 135.066177368, 
      "mean": 24.305059433, 
      "median": 20.7450199127, 
      "min": 0.343813985586, 
      "var": 303.966003418
    }, 
    "dissonance": {
      "dmean": 0.0199570097029, 
      "dmean2": 0.0335521399975, 
      "dvar": 0.000512623635586, 
      "dvar2": 0.00134434259962, 
      "max": 0.5, 
      "mean": 0.467120140791, 
      "median": 0.477374732494, 
      "min": 0.182598650455, 
      "var": 0.00119103852194
    }, 
    "dynamic_complexity": 4.7592716217, 
    "erbbands": {
      "dmean": [
        0.772560298443, 
        1.86771869659, 
        3.14220952988, 
        3.63902425766, 
        6.22446537018, 
        7.93874549866, 
        8.04308891296, 
        11.2274112701, 
        9.31032848358, 
        9.4686050415, 
        8.85910701752, 
        15.0686998367, 
        13.046875, 
        21.2673835754, 
        18.3939151764, 
        15.5032024384, 
        16.0193939209, 
        11.7319145203, 
        12.9492006302, 
        14.436375618, 
        10.428855896, 
        10.3453722, 
        9.82336997986, 
        8.84340381622, 
        8.58695793152, 
        8.13605117798, 
        6.82624578476, 
        5.75391292572, 
        4.17367839813, 
        2.99353432655, 
        1.80922853947, 
        1.24673140049, 
        0.506088495255, 
        0.0537632405758, 
        0.0216412525624, 
        0.0572914555669, 
        0.0950846076012, 
        0.0590679869056, 
        0.0217331983149, 
        0.00488102668896
      ], 
      "dmean2": [
        1.31555140018, 
        3.23840117455, 
        5.2210354805, 
        5.85857629776, 
        10.2328033447, 
        12.8354129791, 
        13.3899669647, 
        18.3188056946, 
        14.8203010559, 
        15.1864833832, 
        14.4073638916, 
        24.1998462677, 
        21.3382396698, 
        33.5222015381, 
        29.5859546661, 
        25.1497592926, 
        25.999162674, 
        18.9607658386, 
        20.9090576172, 
        22.8237628937, 
        16.6517009735, 
        15.7984189987, 
        14.6877727509, 
        13.3047504425, 
        12.5976324081, 
        12.1327648163, 
        10.0639877319, 
        8.62388801575, 
        6.35750770569, 
        4.53638792038, 
        2.76289248466, 
        1.87065899372, 
        0.760375857353, 
        0.0855157375336, 
        0.035605289042, 
        0.0853682532907, 
        0.137930333614, 
        0.0847128853202, 
        0.0294676870108, 
        0.00671923719347
      ], 
      "dvar": [
        3.18946218491, 
        14.8004655838, 
        37.1505088806, 
        47.5704345703, 
        180.543930054, 
        223.558792114, 
        253.270233154, 
        613.686340332, 
        415.27923584, 
        539.869567871, 
        478.661132812, 
        2189.58154297, 
        727.223510742, 
        2114.64672852, 
        2765.64453125, 
        912.981994629, 
        1016.73046875, 
        456.374145508, 
        955.581176758, 
        1132.10803223, 
        708.332580566, 
        553.223693848, 
        429.268249512, 
        482.874908447, 
        715.338134766, 
        649.826477051, 
        383.757598877, 
        227.670593262, 
        66.1906738281, 
        27.0182132721, 
        13.0623598099, 
        5.25057601929, 
        0.946735143661, 
        0.00722265569493, 
        0.00138223147951, 
        0.011112225242, 
        0.0290027670562, 
        0.00946289021522, 
        0.0017114096554, 
        5.13144514116e-05
      ], 
      "dvar2": [
        8.6898765564, 
        41.5293083191, 
        96.4665222168, 
        112.994850159, 
        419.366973877, 
        543.072265625, 
        669.480529785, 
        1461.49169922, 
        927.176269531, 
        1234.45422363, 
        1191.65515137, 
        4708.66015625, 
        1844.21069336, 
        5108.09375, 
        5805.47558594, 
        2247.39746094, 
        2448.56811523, 
        1173.89367676, 
        2469.57397461, 
        2663.17431641, 
        1605.44726562, 
        1129.59094238, 
        904.424743652, 
        988.065246582, 
        1337.87475586, 
        1305.94580078, 
        786.871826172, 
        515.596252441, 
        153.179244995, 
        61.899055481, 
        30.9940471649, 
        12.1738233566, 
        2.18441033363, 
        0.0169335715473, 
        0.0034143012017, 
        0.0252856686711, 
        0.0649908557534, 
        0.0205845832825, 
        0.00323862582445, 
        9.70702967606e-05
      ], 
      "max": [
        18.479763031, 
        39.995967865, 
        73.4588470459, 
        142.334762573, 
        417.612884521, 
        212.70350647, 
        286.480224609, 
        1050.07336426, 
        853.466064453, 
        595.22454834, 
        428.572479248, 
        1595.7434082, 
        603.027648926, 
        1199.8996582, 
        2850.79882812, 
        761.166320801, 
        613.459106445, 
        608.813293457, 
        1462.30529785, 
        814.715820312, 
        646.852600098, 
        650.695739746, 
        423.68536377, 
        585.098632812, 
        803.597290039, 
        788.872375488, 
        442.453643799, 
        460.011138916, 
        156.97366333, 
        61.6947288513, 
        44.6538352966, 
        22.5851688385, 
        9.24763011932, 
        0.797951579094, 
        0.434197068214, 
        1.08031737804, 
        1.63336694241, 
        1.08450269699, 
        0.790762245655, 
        0.143709167838
      ], 
      "mean": [
        1.07933497429, 
        2.30124640465, 
        3.79506397247, 
        5.1234369278, 
        9.00430965424, 
        12.8167724609, 
        11.812128067, 
        17.7670783997, 
        15.0622186661, 
        13.5461425781, 
        13.1567420959, 
        20.9087047577, 
        20.3895664215, 
        35.9846916199, 
        28.7618179321, 
        25.260925293, 
        26.0893859863, 
        20.6335716248, 
        22.3809623718, 
        22.2528820038, 
        15.4807271957, 
        14.8415632248, 
        15.6558532715, 
        12.7399253845, 
        12.0328092575, 
        11.2437343597, 
        9.74445056915, 
        8.37106227875, 
        6.41775465012, 
        4.70168876648, 
        2.63396024704, 
        1.53957939148, 
        0.591726124287, 
        0.0627917945385, 
        0.0236641597003, 
        0.0721016228199, 
        0.13851365447, 
        0.105456262827, 
        0.0428303405643, 
        0.0175050515682
      ], 
      "median": [
        0.306553393602, 
        1.06127786636, 
        1.42980122566, 
        1.8719329834, 
        2.72520399094, 
        4.01243257523, 
        4.43759679794, 
        6.91999149323, 
        6.12750530243, 
        5.21283721924, 
        4.89854049683, 
        7.77213668823, 
        10.2204504013, 
        15.8307857513, 
        13.1825351715, 
        13.2575798035, 
        13.5313739777, 
        12.5546388626, 
        11.4195861816, 
        10.3403072357, 
        6.3864607811, 
        5.01971960068, 
        5.05547714233, 
        4.07966804504, 
        3.53322124481, 
        3.40046787262, 
        3.47216510773, 
        3.20347881317, 
        2.97763466835, 
        2.33279395103, 
        1.09238052368, 
        0.493681669235, 
        0.207247525454, 
        0.0277824178338, 
        0.00937965605408, 
        0.0317092761397, 
        0.058188572526, 
        0.0633764564991, 
        0.0206976085901, 
        0.0140061620623
      ], 
      "min": [
        1.19209958937e-22, 
        6.57645896945e-22, 
        2.08558364547e-21, 
        6.89591719234e-21, 
        1.69260588842e-20, 
        2.39689686563e-20, 
        4.49771444764e-20, 
        7.98459867709e-20, 
        7.77490063699e-20, 
        2.79882376371e-19, 
        3.71051431752e-19, 
        3.93098897004e-19, 
        5.45841079985e-19, 
        1.12817819578e-18, 
        1.07960470264e-18, 
        9.2745640949e-19, 
        1.49843044181e-18, 
        2.0372145338e-18, 
        2.4650838386e-18, 
        2.95055055664e-18, 
        3.40511380699e-18, 
        3.72158897345e-18, 
        4.2983559584e-18, 
        6.42531896827e-18, 
        8.0998385849e-18, 
        7.41769912968e-18, 
        7.01429803419e-18, 
        9.74561946551e-18, 
        8.95662233722e-18, 
        1.16671683003e-17, 
        1.16745732211e-17, 
        1.03952184626e-17, 
        8.17401435197e-18, 
        8.08101609006e-18, 
        6.0819434747e-18, 
        4.36963907486e-18, 
        2.20346274087e-18, 
        9.70827660356e-19, 
        2.63248859927e-19, 
        2.84235866709e-20
      ], 
      "var": [
        3.28233623505, 
        12.9762783051, 
        41.3721504211, 
        100.118110657, 
        393.29107666, 
        497.191894531, 
        386.547546387, 
        1237.9050293, 
        830.00994873, 
        944.947265625, 
        767.301269531, 
        3640.88842773, 
        1083.97912598, 
        4271.04345703, 
        4577.90576172, 
        1582.09448242, 
        1831.4519043, 
        779.155151367, 
        1712.70288086, 
        1672.0020752, 
        990.771972656, 
        911.387695312, 
        826.134094238, 
        920.272460938, 
        1480.70727539, 
        1268.27661133, 
        665.811157227, 
        338.238555908, 
        101.870735168, 
        41.0655860901, 
        15.8030157089, 
        6.15106153488, 
        1.06084191799, 
        0.00881825666875, 
        0.00154562375974, 
        0.0135061256588, 
        0.0403260663152, 
        0.0175083130598, 
        0.00441821152344, 
        0.000318543403409
      ]
    }, 
    "erbbands_crest": {
      "dmean": 2.58096551895, 
      "dmean2": 4.17802715302, 
      "dvar": 6.52018022537, 
      "dvar2": 15.5003566742, 
      "max": 30.9611759186, 
      "mean": 8.00454711914, 
      "median": 6.84555244446, 
      "min": 2.05578970909, 
      "var": 17.9241809845
    }, 
    "erbbands_flatness_db": {
      "dmean": 0.0223257001489, 
      "dmean2": 0.0323177278042, 
      "dvar": 0.000474209082313, 
      "dvar2": 0.00100174616091, 
      "max": 0.358383089304, 
      "mean": 0.12769266963, 
      "median": 0.112448096275, 
      "min": 0.0380057729781, 
      "var": 0.00282139517367
    }, 
    "erbbands_kurtosis": {
      "dmean": 0.979404330254, 
      "dmean2": 1.54512608051, 
      "dvar": 2.13510251045, 
      "dvar2": 4.80277109146, 
      "max": 36.0261421204, 
      "mean": 0.572806954384, 
      "median": -0.015308631584, 
      "min": -1.6519548893, 
      "var": 4.7508597374
    }, 
    "erbbands_skewness": {
      "dmean": 0.386056631804, 
      "dmean2": 0.585584402084, 
      "dvar": 0.126376703382, 
      "dvar2": 0.281031847, 
      "max": 5.4839758873, 
      "mean": 0.149397358298, 
      "median": 0.133525401354, 
      "min": -3.28188323975, 
      "var": 0.452654719353
    }, 
    "erbbands_spread": {
      "dmean": 8.86199378967, 
      "dmean2": 13.2609357834, 
      "dvar": 86.0313339233, 
      "dvar2": 178.792694092, 
      "max": 134.503707886, 
      "mean": 36.4829330444, 
      "median": 35.0762481689, 
      "min": 1.5965474844, 
      "var": 329.092163086
    }, 
    "gfcc": {
      "cov": [
        [
          31948.2304688, 
          395.298400879, 
          -852.639404297, 
          1948.36230469, 
          87.0078659058, 
          -144.924804688, 
          586.505065918, 
          -294.886108398, 
          366.831634521, 
          -0.198227852583, 
          47.3242645264, 
          401.56640625, 
          -415.678436279
        ], 
        [
          395.298400879, 
          1296.29492188, 
          16.9663677216, 
          -487.167724609, 
          182.775390625, 
          -68.2640838623, 
          -23.5357475281, 
          -61.2135162354, 
          12.4109153748, 
          11.1404237747, 
          55.6981315613, 
          -154.33694458, 
          184.141357422
        ], 
        [
          -852.639404297, 
          16.9663677216, 
          637.46685791, 
          217.659729004, 
          -5.43773651123, 
          175.422531128, 
          -41.410736084, 
          177.542709351, 
          30.5251979828, 
          85.0492019653, 
          36.779460907, 
          9.96542644501, 
          1.88360130787
        ], 
        [
          1948.36230469, 
          -487.167724609, 
          217.659729004, 
          677.214782715, 
          51.3855133057, 
          59.198928833, 
          104.972244263, 
          79.9077529907, 
          58.5710220337, 
          30.0116596222, 
          -12.8381872177, 
          105.962562561, 
          -132.541137695
        ], 
        [
          87.0078659058, 
          182.775390625, 
          -5.43773651123, 
          51.3855133057, 
          274.155517578, 
          50.1431045532, 
          80.9548721313, 
          42.7289466858, 
          62.6973876953, 
          22.8495292664, 
          44.832233429, 
          0.863026082516, 
          68.5337982178
        ], 
        [
          -144.924804688, 
          -68.2640838623, 
          175.422531128, 
          59.198928833, 
          50.1431045532, 
          238.00541687, 
          23.4224433899, 
          92.7078094482, 
          16.1501464844, 
          39.4735832214, 
          13.9316015244, 
          31.5811290741, 
          16.2014122009
        ], 
        [
          586.505065918, 
          -23.5357475281, 
          -41.410736084, 
          104.972244263, 
          80.9548721313, 
          23.4224433899, 
          186.262130737, 
          25.372800827, 
          48.0715789795, 
          -12.9854192734, 
          5.6912779808, 
          26.4857463837, 
          -14.5419330597
        ], 
        [
          -294.886108398, 
          -61.2135162354, 
          177.542709351, 
          79.9077529907, 
          42.7289466858, 
          92.7078094482, 
          25.372800827, 
          197.802627563, 
          66.2303161621, 
          67.5436630249, 
          44.6022987366, 
          20.6973762512, 
          31.1906852722
        ], 
        [
          366.831634521, 
          12.4109153748, 
          30.5251979828, 
          58.5710220337, 
          62.6973876953, 
          16.1501464844, 
          48.0715789795, 
          66.2303161621, 
          140.339553833, 
          69.4832382202, 
          43.9802360535, 
          41.310749054, 
          8.47636985779
        ], 
        [
          -0.198227852583, 
          11.1404237747, 
          85.0492019653, 
          30.0116596222, 
          22.8495292664, 
          39.4735832214, 
          -12.9854192734, 
          67.5436630249, 
          69.4832382202, 
          120.011390686, 
          66.7281799316, 
          20.44115448, 
          23.2905921936
        ], 
        [
          47.3242645264, 
          55.6981315613, 
          36.779460907, 
          -12.8381872177, 
          44.832233429, 
          13.9316015244, 
          5.6912779808, 
          44.6022987366, 
          43.9802360535, 
          66.7281799316, 
          103.278717041, 
          48.8978538513, 
          46.2914428711
        ], 
        [
          401.56640625, 
          -154.33694458, 
          9.96542644501, 
          105.962562561, 
          0.863026082516, 
          31.5811290741, 
          26.4857463837, 
          20.6973762512, 
          41.310749054, 
          20.44115448, 
          48.8978538513, 
          110.29624176, 
          1.62646961212
        ], 
        [
          -415.678436279, 
          184.141357422, 
          1.88360130787, 
          -132.541137695, 
          68.5337982178, 
          16.2014122009, 
          -14.5419330597, 
          31.1906852722, 
          8.47636985779, 
          23.2905921936, 
          46.2914428711, 
          1.62646961212, 
          120.765632629
        ]
      ], 
      "icov": [
        [
          8.51614167914e-05, 
          -0.000326604698785, 
          0.000441594893346, 
          -0.000665722996928, 
          0.000469211692689, 
          -0.000325740838889, 
          6.78892974975e-05, 
          2.40871431743e-05, 
          -0.000249734643148, 
          0.000219642897719, 
          -0.000330784416292, 
          0.000101827885373, 
          -6.64230901748e-05
        ], 
        [
          -0.000326604698785, 
          0.00318858912215, 
          -0.00270158634521, 
          0.0036197360605, 
          -0.00277094752528, 
          0.00179055694025, 
          -0.000789485522546, 
          0.00141867797356, 
          -6.95940980222e-05, 
          -0.000341193459462, 
          5.16627369507e-05, 
          0.00193206884433, 
          -0.00107559317257
        ], 
        [
          0.000441594893346, 
          -0.00270158634521, 
          0.00604297686368, 
          -0.00576175516471, 
          0.00430360389873, 
          -0.00411647884175, 
          0.00198512361385, 
          -0.00198724563234, 
          -0.00149262347259, 
          0.00183643971104, 
          -0.00348868989386, 
          0.00242056930438, 
          -0.000860970118083
        ], 
        [
          -0.000665722996928, 
          0.0036197360605, 
          -0.00576175516471, 
          0.0104472609237, 
          -0.00734647968784, 
          0.00497738365084, 
          -0.00221940455958, 
          -0.000730765750632, 
          0.00403194036335, 
          -0.00500415638089, 
          0.00682707829401, 
          -0.00641278456897, 
          0.0053194235079
        ], 
        [
          0.000469211692689, 
          -0.00277094752528, 
          0.00430360389873, 
          -0.00734647968784, 
          0.0113233048469, 
          -0.00508757680655, 
          -0.000586960755754, 
          0.000923988292925, 
          -0.00551976263523, 
          0.00523742008954, 
          -0.00718865916133, 
          0.00679562287405, 
          -0.00630115438253
        ], 
        [
          -0.000325740838889, 
          0.00179055694025, 
          -0.00411647884175, 
          0.00497738365084, 
          -0.00508757680655, 
          0.00930465385318, 
          -0.00187283451669, 
          -0.00216497946531, 
          0.00461519043893, 
          -0.00538932997733, 
          0.00698331510648, 
          -0.00633865874261, 
          0.00177203072235
        ], 
        [
          6.78892974975e-05, 
          -0.000789485522546, 
          0.00198512361385, 
          -0.00221940455958, 
          -0.000586960755754, 
          -0.00187283451669, 
          0.00861564930528, 
          -0.00129751779605, 
          -0.00321472901851, 
          0.00443796999753, 
          -0.00237916456535, 
          0.000735014211386, 
          0.00119942310266
        ], 
        [
          2.40871431743e-05, 
          0.00141867797356, 
          -0.00198724563234, 
          -0.000730765750632, 
          0.000923988292925, 
          -0.00216497946531, 
          -0.00129751779605, 
          0.0110173542053, 
          -0.00459760800004, 
          0.000292508746497, 
          -0.00346658378839, 
          0.00490772118792, 
          -0.00455795926973
        ], 
        [
          -0.000249734643148, 
          -6.95940980222e-05, 
          -0.00149262347259, 
          0.00403194036335, 
          -0.00551976263523, 
          0.00461519043893, 
          -0.00321472901851, 
          -0.00459760800004, 
          0.0180202629417, 
          -0.0123323462903, 
          0.00820943713188, 
          -0.0107492050156, 
          0.00512004084885
        ], 
        [
          0.000219642897719, 
          -0.000341193459462, 
          0.00183643971104, 
          -0.00500415638089, 
          0.00523742008954, 
          -0.00538932997733, 
          0.00443796999753, 
          0.000292508746497, 
          -0.0123323462903, 
          0.0254208482802, 
          -0.0185161046684, 
          0.0119088338688, 
          -0.00313470582478
        ], 
        [
          -0.000330784416292, 
          5.16627369507e-05, 
          -0.00348868989386, 
          0.00682707829401, 
          -0.00718865916133, 
          0.00698331510648, 
          -0.00237916456535, 
          -0.00346658378839, 
          0.00820943713188, 
          -0.0185161046684, 
          0.033505640924, 
          -0.0201932471246, 
          0.000504819792695
        ], 
        [
          0.000101827885373, 
          0.00193206884433, 
          0.00242056930438, 
          -0.00641278456897, 
          0.00679562287405, 
          -0.00633865874261, 
          0.000735014211386, 
          0.00490772118792, 
          -0.0107492050156, 
          0.0119088338688, 
          -0.0201932471246, 
          0.0288957059383, 
          -0.00804746709764
        ], 
        [
          -6.64230901748e-05, 
          -0.00107559317257, 
          -0.000860970118083, 
          0.0053194235079, 
          -0.00630115438253, 
          0.00177203072235, 
          0.00119942310266, 
          -0.00455795926973, 
          0.00512004084885, 
          -0.00313470582478, 
          0.000504819792695, 
          -0.00804746709764, 
          0.0203632861376
        ]
      ], 
      "mean": [
        -23.5395965576, 
        78.343963623, 
        -86.582824707, 
        2.1093070507, 
        -20.997587204, 
        -5.79580020905, 
        0.215292483568, 
        -20.402463913, 
        -1.15404629707, 
        -7.9625787735, 
        -5.78248596191, 
        3.77653717995, 
        -6.85811662674
      ]
    }, 
    "hfc": {
      "dmean": 33.6864852905, 
      "dmean2": 50.4948997498, 
      "dvar": 1904.12084961, 
      "dvar2": 4221.05322266, 
      "max": 930.693847656, 
      "mean": 126.082992554, 
      "median": 105.427825928, 
      "min": 1.09724462699e-16, 
      "var": 12962.578125
    }, 
    "melbands": {
      "dmean": [
        0.00557539286092, 
        0.00177942647133, 
        0.000666683714371, 
        0.000504775089212, 
        0.000299783801893, 
        0.000244014721829, 
        0.000131994325784, 
        0.000106835541374, 
        7.61445335229e-05, 
        9.23213519854e-05, 
        6.72926107654e-05, 
        9.10448507057e-05, 
        6.41006918158e-05, 
        4.21181903221e-05, 
        3.83265432902e-05, 
        3.3616222936e-05, 
        2.24836257985e-05, 
        2.07927514566e-05, 
        2.16072476178e-05, 
        1.81935974979e-05, 
        1.15001348604e-05, 
        1.12800280476e-05, 
        8.89120747161e-06, 
        8.81025152921e-06, 
        7.33661863705e-06, 
        6.5781136982e-06, 
        6.28966517979e-06, 
        5.27979091203e-06, 
        4.56007273897e-06, 
        3.95427423427e-06, 
        3.27026737068e-06, 
        2.52388281297e-06, 
        2.05040669243e-06, 
        1.63048980539e-06, 
        1.13250541744e-06, 
        8.7360069756e-07, 
        7.26062808099e-07, 
        4.2726625793e-07, 
        1.16545848527e-07, 
        2.67441535584e-08
      ], 
      "dmean2": [
        0.00951162073761, 
        0.00301549490541, 
        0.00106905971188, 
        0.000819401349872, 
        0.000489702448249, 
        0.000396256160457, 
        0.000210460028029, 
        0.000170133454958, 
        0.000123677382362, 
        0.000148831313709, 
        0.000110470871732, 
        0.000144240708323, 
        0.00010376139835, 
        6.84941987856e-05, 
        6.15942626609e-05, 
        5.42287780263e-05, 
        3.67959692085e-05, 
        3.37747842423e-05, 
        3.4826414776e-05, 
        2.91183223453e-05, 
        1.85779917956e-05, 
        1.76696394192e-05, 
        1.33306602947e-05, 
        1.37475963129e-05, 
        1.1213522157e-05, 
        9.69224947767e-06, 
        9.49421337282e-06, 
        8.04234423413e-06, 
        6.86890643919e-06, 
        5.97957250648e-06, 
        5.04201716467e-06, 
        3.88411262975e-06, 
        3.17206490763e-06, 
        2.50406833402e-06, 
        1.76705543709e-06, 
        1.33996195473e-06, 
        1.09624443212e-06, 
        6.44706915409e-07, 
        1.83306312351e-07, 
        4.45350281097e-08
      ], 
      "dvar": [
        0.000162922136951, 
        1.13957639769e-05, 
        1.48112985698e-06, 
        9.96470703285e-07, 
        3.41023110195e-07, 
        2.83197778117e-07, 
        7.87560168192e-08, 
        6.97628976809e-08, 
        3.44144339692e-08, 
        7.64411041132e-08, 
        1.94258422681e-08, 
        4.0970984827e-08, 
        3.46581003896e-08, 
        6.82196432678e-09, 
        5.32101029904e-09, 
        4.33406155409e-09, 
        1.79093906372e-09, 
        2.42444730958e-09, 
        2.91284019127e-09, 
        2.12984896386e-09, 
        9.2018326292e-10, 
        6.98908375618e-10, 
        3.89794280187e-10, 
        3.8668721003e-10, 
        3.55888735148e-10, 
        3.74230257894e-10, 
        5.15239795273e-10, 
        2.56128007692e-10, 
        1.72793140907e-10, 
        1.3202972049e-10, 
        7.24865445445e-11, 
        2.78357042277e-11, 
        1.23773196553e-11, 
        8.51735522389e-12, 
        5.24647816511e-12, 
        3.07400719463e-12, 
        1.64971714674e-12, 
        6.92917782614e-13, 
        5.3260086635e-14, 
        2.3479499188e-15
      ], 
      "dvar2": [
        0.000445305253379, 
        3.03504602925e-05, 
        3.54540679837e-06, 
        2.34383082898e-06, 
        8.73041813065e-07, 
        6.64544018036e-07, 
        1.7577617939e-07, 
        1.57570298143e-07, 
        8.17903895722e-08, 
        1.6386336199e-07, 
        4.95283174473e-08, 
        9.92631825625e-08, 
        7.83359865864e-08, 
        1.57213584373e-08, 
        1.34699043031e-08, 
        1.04723545391e-08, 
        4.7142192372e-09, 
        6.34578789516e-09, 
        7.15614012492e-09, 
        5.08245889819e-09, 
        2.14205142512e-09, 
        1.49280676709e-09, 
        7.9493889249e-10, 
        8.64639471132e-10, 
        7.68250740801e-10, 
        7.09684866429e-10, 
        1.016219775e-09, 
        5.43738720715e-10, 
        3.77966546949e-10, 
        2.80064416103e-10, 
        1.75069403419e-10, 
        6.46571199359e-11, 
        2.98762854734e-11, 
        1.98527062845e-11, 
        1.25544722188e-11, 
        7.39820184281e-12, 
        3.79823993438e-12, 
        1.60854207558e-12, 
        1.26994999261e-13, 
        5.87185600706e-15
      ], 
      "max": [
        0.13281480968, 
        0.0398414507508, 
        0.0240568630397, 
        0.025937974453, 
        0.0120456302539, 
        0.0236388556659, 
        0.0117233097553, 
        0.0062125264667, 
        0.00507776346058, 
        0.00866064801812, 
        0.00323501671664, 
        0.00534251378849, 
        0.00813266448677, 
        0.00282601220533, 
        0.00186719140038, 
        0.00165069510695, 
        0.00135388586204, 
        0.00225314544514, 
        0.00126468529925, 
        0.00139059824869, 
        0.000749526370782, 
        0.000760099850595, 
        0.00048623533803, 
        0.000477347784908, 
        0.000503484043293, 
        0.000537928193808, 
        0.000678286945913, 
        0.000498711247928, 
        0.000287988339551, 
        0.00025359285064, 
        0.000281980523141, 
        0.000108198386442, 
        3.97720759793e-05, 
        4.0271133912e-05, 
        2.90542102448e-05, 
        1.76364828803e-05, 
        1.30480875669e-05, 
        8.95013181434e-06, 
        2.73003229267e-06, 
        5.62116213132e-07
      ], 
      "mean": [
        0.00794818066061, 
        0.00226476532407, 
        0.000982603174634, 
        0.000810732482933, 
        0.000474206666695, 
        0.000391991139622, 
        0.000213380248169, 
        0.000149056271766, 
        0.000111495013698, 
        0.000126990009448, 
        0.000101771111076, 
        0.00014922999253, 
        9.5994437288e-05, 
        6.76760319038e-05, 
        6.13563897787e-05, 
        5.17267981195e-05, 
        3.65722480637e-05, 
        3.45290900441e-05, 
        3.32671661454e-05, 
        2.60251090367e-05, 
        1.60315394169e-05, 
        1.51818703671e-05, 
        1.42305907502e-05, 
        1.29684312924e-05, 
        1.00165716503e-05, 
        9.00418399397e-06, 
        8.38863343233e-06, 
        7.13784174877e-06, 
        6.11954374108e-06, 
        5.55107317268e-06, 
        4.62218622488e-06, 
        3.74673345505e-06, 
        3.06881247525e-06, 
        2.46059494202e-06, 
        1.64510981904e-06, 
        1.06258198684e-06, 
        8.73820567904e-07, 
        4.91523849178e-07, 
        1.25712162458e-07, 
        2.64145203488e-08
      ], 
      "median": [
        0.00306536071002, 
        0.00108930631541, 
        0.00038686604239, 
        0.000274242454907, 
        0.000166292185895, 
        0.000157270987984, 
        8.9651075541e-05, 
        5.14959319844e-05, 
        4.04904858442e-05, 
        4.7084853577e-05, 
        4.98381195939e-05, 
        6.22280495008e-05, 
        4.18930467276e-05, 
        3.50721893483e-05, 
        3.22662708641e-05, 
        2.60022025032e-05, 
        2.18237310037e-05, 
        1.73789339897e-05, 
        1.46050806507e-05, 
        1.11503813969e-05, 
        5.8891214394e-06, 
        4.86292992719e-06, 
        4.6712511903e-06, 
        4.09483163821e-06, 
        3.05564708469e-06, 
        2.70608461506e-06, 
        2.21479808715e-06, 
        2.2523613552e-06, 
        2.1619657673e-06, 
        1.85768772099e-06, 
        1.75711284101e-06, 
        1.62030255524e-06, 
        1.58229772751e-06, 
        1.07426512841e-06, 
        6.31410671303e-07, 
        3.87521509992e-07, 
        2.57741305631e-07, 
        1.66867096141e-07, 
        4.60094824462e-08, 
        7.81534748029e-09
      ], 
      "min": [
        1.92332039251e-24, 
        1.26729340854e-24, 
        1.64766044336e-24, 
        1.95623817758e-24, 
        1.92534362352e-24, 
        1.67474105216e-24, 
        1.4594268915e-24, 
        2.25808988651e-24, 
        2.8155386424e-24, 
        2.10490236783e-24, 
        2.885934223e-24, 
        4.61074762947e-24, 
        4.05907944908e-24, 
        1.61029693405e-24, 
        2.46849309221e-24, 
        3.87593710689e-24, 
        3.42644100765e-24, 
        3.00041785908e-24, 
        3.07998276441e-24, 
        3.18172116928e-24, 
        2.46523075794e-24, 
        2.39722641196e-24, 
        4.0247730716e-24, 
        3.67687002961e-24, 
        4.57014929741e-24, 
        3.96352117776e-24, 
        4.45233923211e-24, 
        4.27171138406e-24, 
        3.97392467537e-24, 
        4.12456082067e-24, 
        4.45268199217e-24, 
        4.94589755164e-24, 
        4.32168532797e-24, 
        4.98155958658e-24, 
        5.85859975822e-24, 
        5.61874778328e-24, 
        5.21977625286e-24, 
        5.14694309207e-24, 
        5.98407005734e-24, 
        6.67686900355e-24
      ], 
      "var": [
        0.000162642798387, 
        1.16917208288e-05, 
        2.93431367027e-06, 
        2.21836739911e-06, 
        6.6086016659e-07, 
        5.7463404346e-07, 
        1.57507443532e-07, 
        1.26215951468e-07, 
        5.71546827643e-08, 
        1.30354678163e-07, 
        2.78927885233e-08, 
        8.10181930433e-08, 
        5.07018178553e-08, 
        1.29615536082e-08, 
        8.92761686799e-09, 
        7.64197860548e-09, 
        2.64823052376e-09, 
        4.25387858272e-09, 
        4.44519399068e-09, 
        2.79834710959e-09, 
        1.19843979185e-09, 
        1.05288699981e-09, 
        7.13275605246e-10, 
        6.54549414669e-10, 
