{
  "lowlevel": {
    "average_loudness": 0.927450716496, 
    "barkbands": {
      "dmean": [
        0.000389992375858, 
        0.00464104581624, 
        0.00346104800701, 
        0.00343877077103, 
        0.002149092732, 
        0.00102453946602, 
        0.00100385968108, 
        0.00102972169407, 
        0.000931138347369, 
        0.000470006780233, 
        0.000563092296943, 
        0.000338632467901, 
        0.000299802253721, 
        0.000276496080915, 
        0.000239131928538, 
        0.00019562014495, 
        0.000199458998395, 
        0.000177217298187, 
        0.000184482647455, 
        0.000211279722862, 
        0.000192496634554, 
        0.000162629919942, 
        0.000158061200636, 
        0.000210976912058, 
        0.000140205185744, 
        6.27511108178e-05, 
        2.87074835796e-05
      ], 
      "dmean2": [
        0.000599358347245, 
        0.00758549245074, 
        0.0060564763844, 
        0.00614407332614, 
        0.0037905483041, 
        0.00166150333825, 
        0.00161948846653, 
        0.00165818771347, 
        0.00149972713552, 
        0.000760727503803, 
        0.000919096928556, 
        0.000562569010071, 
        0.000502921233419, 
        0.000457340152934, 
        0.00040096018347, 
        0.00032832447323, 
        0.000332080147928, 
        0.000301771913655, 
        0.000311088660965, 
        0.000351498223608, 
        0.000313295196975, 
        0.000235314000747, 
        0.00022040726617, 
        0.000283062225208, 
        0.00020351204148, 
        8.80691586644e-05, 
        4.43800781795e-05
      ], 
      "dvar": [
        4.81045844936e-07, 
        5.80225969316e-05, 
        5.8002100559e-05, 
        5.97057005507e-05, 
        2.22265989578e-05, 
        5.10335667059e-06, 
        5.01173417433e-06, 
        4.35065248894e-06, 
        4.42041573478e-06, 
        1.2636920701e-06, 
        2.27374766837e-06, 
        7.80140226198e-07, 
        7.00333032455e-07, 
        3.4221363876e-07, 
        2.01139442879e-07, 
        1.20089609368e-07, 
        9.50428855617e-08, 
        1.15911220178e-07, 
        1.44382653389e-07, 
        1.88525248745e-07, 
        1.44904134913e-07, 
        8.40388238998e-08, 
        8.34447604348e-08, 
        1.90021339108e-07, 
        7.99322847911e-08, 
        1.85248616447e-08, 
        6.11929085181e-09
      ], 
      "dvar2": [
        1.14620877412e-06, 
        0.000141590280691, 
        0.000159372139024, 
        0.000166376368725, 
        6.36693148408e-05, 
        1.23525514937e-05, 
        1.21240900626e-05, 
        1.0699149243e-05, 
        1.09086977318e-05, 
        3.29021554535e-06, 
        5.81791164223e-06, 
        2.06654544854e-06, 
        2.01703460334e-06, 
        8.86149109647e-07, 
        5.28477471562e-07, 
        3.03262368107e-07, 
        2.42764542691e-07, 
        3.19316285413e-07, 
        3.95070145487e-07, 
        4.92569995458e-07, 
        3.67239749721e-07, 
        1.83122139674e-07, 
        1.62990559716e-07, 
        3.394536634e-07, 
        1.75335017616e-07, 
        4.01127202565e-08, 
        1.52132226816e-08
      ], 
      "max": [
        0.0275344327092, 
        0.102464996278, 
        0.0682447105646, 
        0.0851279050112, 
        0.0568258836865, 
        0.0738078206778, 
        0.0627368837595, 
        0.0429124347866, 
        0.0474635846913, 
        0.0342073738575, 
        0.0383363962173, 
        0.0191957913339, 
        0.0330944173038, 
        0.0181197971106, 
        0.00808881875128, 
        0.00731412880123, 
        0.00671362318099, 
        0.00417398894206, 
        0.00431170500815, 
        0.0061105992645, 
        0.00447325129062, 
        0.00635376665741, 
        0.00517158489674, 
        0.00477202795446, 
        0.00478160055354, 
        0.00370428315364, 
        0.0012274418259
      ], 
      "mean": [
        0.000746563775465, 
        0.00691272132099, 
        0.00355810299516, 
        0.00324853486381, 
        0.00298769050278, 
        0.00176979869138, 
        0.00169133045711, 
        0.0017962732818, 
        0.00142723682802, 
        0.000779398018494, 
        0.000923284445889, 
        0.000549866817892, 
        0.00045110101928, 
        0.000460185081465, 
        0.000356036820449, 
        0.000306847825414, 
        0.000385357969208, 
        0.000291766220471, 
        0.000315017212415, 
        0.000392655842006, 
        0.000347752589732, 
        0.000308688526275, 
        0.000300521263853, 
        0.000374377064873, 
        0.000253920705291, 
        0.000101830308267, 
        3.3639396861e-05
      ], 
      "median": [
        0.000216760847252, 
        0.00281735952012, 
        0.00124991871417, 
        0.00103179819416, 
        0.00160743785091, 
        0.000923624669667, 
        0.000812838901766, 
        0.000657850876451, 
        0.000580307212658, 
        0.000341486360412, 
        0.000296038866509, 
        0.000216826563701, 
        0.000190806793398, 
        0.000218224391574, 
        0.000171309933648, 
        0.000158095121151, 
        0.000231633137446, 
        0.000156428461196, 
        0.000139069219586, 
        0.000136906237458, 
        0.00011677522707, 
        0.000100705728983, 
        9.22497565625e-05, 
        9.21375903999e-05, 
        7.20654134057e-05, 
        2.30194200412e-05, 
        6.27472672932e-06
      ], 
      "min": [
        8.85181684565e-26, 
        4.0595369884e-24, 
        2.58619942231e-24, 
        7.46073139026e-25, 
        6.49132773535e-24, 
        1.64718937507e-23, 
        1.26840518966e-23, 
        1.22292199422e-23, 
        1.77146115783e-23, 
        2.20824728793e-23, 
        1.79172999215e-23, 
        2.6329966628e-23, 
        3.73169736136e-23, 
        3.37684374482e-23, 
        5.41431526855e-23, 
        6.82211959545e-23, 
        8.76210400405e-23, 
        9.03348162178e-23, 
        1.49619499226e-22, 
        2.15534065894e-22, 
        3.07964607858e-22, 
        3.83005222348e-22, 
        4.49841961103e-22, 
        6.75997300712e-22, 
        9.98812006851e-22, 
        1.42282880762e-21, 
        2.00188229749e-21
      ], 
      "var": [
        1.28921476517e-06, 
        9.48473243625e-05, 
        4.47197235189e-05, 
        4.46882877441e-05, 
        1.98801626539e-05, 
        9.17771649256e-06, 
        9.05329761736e-06, 
        1.04630862552e-05, 
        7.21152946426e-06, 
        2.35853030972e-06, 
        4.25767439083e-06, 
        1.38930988669e-06, 
        1.07866753751e-06, 
        6.14978944213e-07, 
        2.98894207162e-07, 
        1.86196501772e-07, 
        2.14629125139e-07, 
        1.58679426931e-07, 
        1.95916825874e-07, 
        3.50150713757e-07, 
        2.7893182164e-07, 
        2.51855965416e-07, 
        2.5090548661e-07, 
        4.47194395292e-07, 
        1.74789619223e-07, 
        3.61608734067e-08, 
        6.07782535411e-09
      ]
    }, 
    "barkbands_crest": {
      "dmean": 2.73281502724, 
      "dmean2": 4.48777961731, 
      "dvar": 5.98424243927, 
      "dvar2": 15.88783741, 
      "max": 25.1799945831, 
      "mean": 9.69806575775, 
      "median": 8.87755870819, 
      "min": 1.76241314411, 
      "var": 17.6079006195
    }, 
    "barkbands_flatness_db": {
      "dmean": 0.0246312767267, 
      "dmean2": 0.0392578728497, 
      "dvar": 0.000697657233104, 
      "dvar2": 0.00182569061872, 
      "max": 0.707843363285, 
      "mean": 0.132095247507, 
      "median": 0.103803277016, 
      "min": 0.0129660982639, 
      "var": 0.0110858259723
    }, 
    "barkbands_kurtosis": {
      "dmean": 4.77780580521, 
      "dmean2": 8.03243732452, 
      "dvar": 322.466827393, 
      "dvar2": 904.827026367, 
      "max": 913.012207031, 
      "mean": 7.09055566788, 
      "median": 1.72184991837, 
      "min": -1.92717683315, 
      "var": 546.75994873
    }, 
    "barkbands_skewness": {
      "dmean": 0.603967487812, 
      "dmean2": 0.978666961193, 
      "dvar": 0.55814653635, 
      "dvar2": 1.48199462891, 
      "max": 15.4264650345, 
      "mean": 1.66113483906, 
      "median": 1.3519320488, 
      "min": -2.1880645752, 
      "var": 2.17012405396
    }, 
    "barkbands_spread": {
      "dmean": 7.15965652466, 
      "dmean2": 11.0742025375, 
      "dvar": 77.9293518066, 
      "dvar2": 169.725799561, 
      "max": 127.320274353, 
      "mean": 26.6037578583, 
      "median": 23.3745231628, 
      "min": 0.106446698308, 
      "var": 351.467773438
    }, 
    "dissonance": {
      "dmean": 0.0205864552408, 
      "dmean2": 0.034919463098, 
      "dvar": 0.00066966295708, 
      "dvar2": 0.00190152984578, 
      "max": 0.500000119209, 
      "mean": 0.462848931551, 
      "median": 0.473060965538, 
      "min": 0.113922692835, 
      "var": 0.00134484015871
    }, 
    "dynamic_complexity": 3.61757540703, 
    "erbbands": {
      "dmean": [
        0.140306636691, 
        1.10088145733, 
        3.59317731857, 
        8.52799797058, 
        9.7041683197, 
        6.38455963135, 
        7.44121360779, 
        8.05241394043, 
        12.3835058212, 
        19.1670074463, 
        23.1682662964, 
        18.0710639954, 
        14.9024238586, 
        20.7274436951, 
        12.4355516434, 
        13.6218709946, 
        13.5031175613, 
        15.2527647018, 
        8.84099960327, 
        12.7077465057, 
        10.3758535385, 
        10.4460039139, 
        7.49643707275, 
        12.6929759979, 
        8.32688426971, 
        9.10389137268, 
        9.29567718506, 
        6.51389741898, 
        5.7871799469, 
        5.5738120079, 
        4.33657455444, 
        4.51221513748, 
        3.48485016823, 
        1.8222694397, 
        0.898347854614, 
        0.333883523941, 
        0.104731984437, 
        0.0224957857281, 
        0.00432900665328, 
        0.000402362318709
      ], 
      "dmean2": [
        0.215879410505, 
        1.81424331665, 
        6.12747240067, 
        15.2863893509, 
        17.4796009064, 
        11.0436134338, 
        12.2275867462, 
        13.0975999832, 
        20.4194049835, 
        30.1779174805, 
        37.778842926, 
        29.1883220673, 
        24.0216407776, 
        33.6139068604, 
        20.3439655304, 
        22.6897621155, 
        22.4398727417, 
        25.1830997467, 
        14.6478099823, 
        21.6002616882, 
        17.1879940033, 
        17.2541999817, 
        12.3791437149, 
        22.07862854, 
        13.6505870819, 
        15.1105928421, 
        15.4764719009, 
        10.4844684601, 
        8.71631336212, 
        7.93356084824, 
        5.85854911804, 
        6.23050498962, 
        4.64741802216, 
        2.635597229, 
        1.30546057224, 
        0.468238860369, 
        0.149398639798, 
        0.0330346114933, 
        0.00667622964829, 
        0.000634883414023
      ], 
      "dvar": [
        0.0516826249659, 
        3.55389022827, 
        55.2065582275, 
        374.78616333, 
        598.663391113, 
        130.676010132, 
        279.415588379, 
        322.203674316, 
        798.690734863, 
        1828.74816895, 
        2423.81396484, 
        1581.85913086, 
        1358.67736816, 
        2999.69018555, 
        984.970581055, 
        1268.4173584, 
        1245.47497559, 
        1130.69433594, 
        243.268341064, 
        616.459533691, 
        294.811218262, 
        277.11151123, 
        157.587539673, 
        821.531494141, 
        268.056945801, 
        339.219543457, 
        402.229095459, 
        142.45262146, 
        107.711929321, 
        107.260368347, 
        61.7683067322, 
        89.8712310791, 
        48.5931968689, 
        13.7118787766, 
        3.32226705551, 
        0.493376046419, 
        0.0721702352166, 
        0.00316376402043, 
        0.000146922728163, 
        1.14354418201e-06
      ], 
      "dvar2": [
        0.12488847971, 
        8.72202014923, 
        148.255554199, 
        1045.44616699, 
        1699.83789062, 
        371.702209473, 
        668.089477539, 
        789.94317627, 
        2041.66186523, 
        4216.92382812, 
        6376.6875, 
        3891.19458008, 
        3525.78710938, 
        7761.69628906, 
        2638.20629883, 
        3378.73388672, 
        3566.04370117, 
        2986.37695312, 
        620.012329102, 
        1688.25488281, 
        742.661682129, 
        675.819763184, 
        410.384887695, 
        2333.76098633, 
        694.105834961, 
        879.120788574, 
        1058.22912598, 
        342.751098633, 
        248.279602051, 
        221.015762329, 
        114.386016846, 
        182.024993896, 
        85.5234375, 
        30.1751728058, 
        7.18141126633, 
        1.06672859192, 
        0.164103135467, 
        0.00758063234389, 
        0.000369357294403, 
        2.8610827485e-06
      ], 
      "max": [
        2.50968956947, 
        24.6856365204, 
        71.1785888672, 
        172.432785034, 
        307.579467773, 
        159.412246704, 
        589.983764648, 
        424.881378174, 
        600.666748047, 
        1094.83251953, 
        884.767150879, 
        1412.83496094, 
        1052.26733398, 
        1522.78991699, 
        1038.96130371, 
        886.987121582, 
        1385.28491211, 
        1048.62878418, 
        371.44241333, 
        379.485290527, 
        324.784698486, 
        360.708587646, 
        189.11882019, 
        351.627716064, 
        311.491729736, 
        303.787414551, 
        217.825500488, 
        203.691848755, 
        187.934890747, 
        187.402236938, 
        144.881851196, 
        101.338088989, 
        87.2164001465, 
        60.233581543, 
        39.6822509766, 
        13.2572126389, 
        14.5242128372, 
        1.03933751583, 
        0.22044685483, 
        0.0149296130985
      ], 
      "mean": [
        0.227685466409, 
        1.42083144188, 
        4.02969169617, 
        8.30108356476, 
        9.65912818909, 
        9.97883415222, 
        13.6011199951, 
        13.7894668579, 
        20.7400722504, 
        35.1731414795, 
        39.7070350647, 
        29.1809463501, 
        26.1928462982, 
        34.4816436768, 
        21.6417942047, 
        23.3983745575, 
        22.6331520081, 
        25.9940605164, 
        16.4252147675, 
        19.2058200836, 
        18.7597122192, 
        21.0501079559, 
        14.5090093613, 
        19.7867145538, 
        15.4609279633, 
        17.4439697266, 
        16.441904068, 
        12.2940235138, 
        11.0248165131, 
        10.0178833008, 
        8.39439105988, 
        7.7032995224, 
        6.09629821777, 
        3.30656147003, 
        1.54974889755, 
        0.554093360901, 
        0.16447044909, 
        0.031805370003, 
        0.00519587146118, 
        0.000462931202492
      ], 
      "median": [
        0.0800507813692, 
        0.480411618948, 
        1.4825501442, 
        2.98705983162, 
        4.17774868011, 
        5.24777507782, 
        7.38288593292, 
        7.00173950195, 
        11.0711193085, 
        14.0716190338, 
        17.5204124451, 
        14.0050258636, 
        11.6519107819, 
        11.5636978149, 
        9.84101104736, 
        9.93030452728, 
        10.5614261627, 
        13.0219869614, 
        10.4648532867, 
        10.1751403809, 
        10.7378196716, 
        13.1588859558, 
        8.95948600769, 
        9.3936290741, 
        6.15505695343, 
        6.14448070526, 
        4.89534330368, 
        4.52763319016, 
        3.63195419312, 
        2.80691194534, 
        2.85442566872, 
        1.95066773891, 
        1.50918734074, 
        0.951900243759, 
        0.406782329082, 
        0.13647928834, 
        0.0365233421326, 
        0.00625567138195, 
        0.000937025237363, 
        9.79820324574e-05
      ], 
      "min": [
        2.03734700992e-22, 
        6.64133943413e-22, 
        3.18070494131e-21, 
        4.26495979809e-21, 
        4.63413478678e-21, 
        3.11547819572e-20, 
        9.20911549689e-20, 
        1.40479889559e-19, 
        1.93259182519e-19, 
        3.32018562254e-19, 
        2.36437196238e-19, 
        3.97781592301e-19, 
        7.09333328056e-19, 
        5.4370116374e-19, 
        1.11398181191e-18, 
        1.32673421642e-18, 
        2.28389799043e-18, 
        1.79416177966e-18, 
        2.59871259181e-18, 
        3.40558178442e-18, 
        4.44457088501e-18, 
        5.93754255517e-18, 
        4.87988791726e-18, 
        8.24112103353e-18, 
        7.71522855139e-18, 
        9.10209776437e-18, 
        1.13880668083e-17, 
        1.27723155131e-17, 
        1.40379845683e-17, 
        1.31781774709e-17, 
        1.11798406327e-17, 
        1.16894682624e-17, 
        9.73648904591e-18, 
        8.33671002511e-18, 
        7.76233731445e-18, 
        4.6569445442e-18, 
        2.78554353407e-18, 
        1.06644095037e-18, 
        2.70892474076e-19, 
        2.90737700194e-20
      ], 
      "var": [
        0.106243215501, 
        4.82326030731, 
        47.3850784302, 
        271.928405762, 
        407.275421143, 
        188.053466797, 
        551.931640625, 
        567.766418457, 
        1263.67053223, 
        4086.84570312, 
        4436.20654297, 
        2603.74072266, 
        2721.23022461, 
        5367.07373047, 
        1872.97290039, 
        2402.65039062, 
        2005.57226562, 
        2009.82055664, 
        436.289215088, 
        768.048400879, 
        564.360168457, 
        632.112243652, 
        283.056762695, 
        887.268676758, 
        487.69821167, 
        696.858154297, 
        679.530334473, 
        312.757568359, 
        303.961639404, 
        301.944946289, 
        188.482955933, 
        186.13520813, 
        118.692176819, 
        30.8872432709, 
        6.68946743011, 
        0.976239800453, 
        0.138721227646, 
        0.00407133297995, 
        0.00014613129315, 
        1.07764742552e-06
      ]
    }, 
    "erbbands_crest": {
      "dmean": 2.55709838867, 
      "dmean2": 4.19410324097, 
      "dvar": 6.32407855988, 
      "dvar2": 15.9532289505, 
      "max": 29.9343662262, 
      "mean": 8.38881015778, 
      "median": 7.07965564728, 
      "min": 2.12855052948, 
      "var": 20.8762931824
    }, 
    "erbbands_flatness_db": {
      "dmean": 0.0205425433815, 
      "dmean2": 0.0299590434879, 
      "dvar": 0.000491415965371, 
      "dvar2": 0.00102205353323, 
      "max": 0.593920946121, 
      "mean": 0.143790274858, 
      "median": 0.121393315494, 
      "min": 0.0333934053779, 
      "var": 0.00668974826112
    }, 
    "erbbands_kurtosis": {
      "dmean": 2.14962792397, 
      "dmean2": 3.65600967407, 
      "dvar": 133.567016602, 
      "dvar2": 412.432983398, 
      "max": 465.508514404, 
      "mean": 3.45673346519, 
      "median": -0.35827922821, 
      "min": -1.8517062664, 
      "var": 739.976013184
    }, 
    "erbbands_skewness": {
      "dmean": 0.435416042805, 
      "dmean2": 0.685176074505, 
      "dvar": 0.272786617279, 
      "dvar2": 0.761228263378, 
      "max": 16.1537189484, 
      "mean": 0.491206288338, 
      "median": 0.344994068146, 
      "min": -3.28906655312, 
      "var": 1.99381172657
    }, 
    "erbbands_spread": {
      "dmean": 10.9625711441, 
      "dmean2": 16.5873165131, 
      "dvar": 167.164276123, 
      "dvar2": 384.203369141, 
      "max": 168.058639526, 
      "mean": 45.6305122375, 
      "median": 42.9026870728, 
      "min": 0.400140196085, 
      "var": 648.6484375
    }, 
    "gfcc": {
      "cov": [
        [
          28517.4902344, 
          -4438.48583984, 
          -3057.58081055, 
          390.799713135, 
          -1603.82971191, 
          522.273803711, 
          -588.927001953, 
          992.121704102, 
          317.525756836, 
          1151.10351562, 
          443.49319458, 
          672.618041992, 
          105.733505249
        ], 
        [
          -4438.48583984, 
          3005.4309082, 
          81.342628479, 
          -729.976013184, 
          298.390625, 
          -368.936523438, 
          197.906600952, 
          -260.786987305, 
          13.5191469193, 
          -332.910736084, 
          -10.3485975266, 
          -155.679367065, 
          60.2867126465
        ], 
        [
          -3057.58081055, 
          81.342628479, 
          1498.15148926, 
          136.406585693, 
          175.240951538, 
          119.675392151, 
          114.705329895, 
          -71.6312866211, 
          -2.02156925201, 
          -140.85244751, 
          -82.7258987427, 
          -45.0753555298, 
          -13.8424024582
        ], 
        [
          390.799713135, 
          -729.976013184, 
          136.406585693, 
          707.578063965, 
          116.528381348, 
          126.672332764, 
          -1.68674612045, 
          56.3421325684, 
          55.8846473694, 
          102.050048828, 
          14.5019350052, 
          41.6417503357, 
          -0.57091152668
        ], 
        [
          -1603.82971191, 
          298.390625, 
          175.240951538, 
          116.528381348, 
          412.597229004, 
          15.5961771011, 
          77.9422454834, 
          -55.9188728333, 
          12.6633844376, 
          -48.4968719482, 
          -11.2305641174, 
          -31.086183548, 
          -15.8462352753
        ], 
        [
          522.273803711, 
          -368.936523438, 
          119.675392151, 
          126.672332764, 
          15.5961771011, 
          278.544250488, 
          27.5203285217, 
          51.0650634766, 
          10.8347110748, 
          47.3355522156, 
          26.2257061005, 
          52.2194137573, 
          -4.42459630966
        ], 
        [
          -588.927001953, 
          197.906600952, 
          114.705329895, 
          -1.68674612045, 
          77.9422454834, 
          27.5203285217, 
          165.048690796, 
          18.2227573395, 
          30.5347042084, 
          -16.2836265564, 
          8.57550144196, 
          -15.4788160324, 
          6.63608312607
        ], 
        [
          992.121704102, 
          -260.786987305, 
          -71.6312866211, 
          56.3421325684, 
          -55.9188728333, 
          51.0650634766, 
          18.2227573395, 
          161.410598755, 
          71.5526351929, 
          63.2251586914, 
          23.2647190094, 
          30.1155395508, 
          5.62788248062
        ], 
        [
          317.525756836, 
          13.5191469193, 
          -2.02156925201, 
          55.8846473694, 
          12.6633844376, 
          10.8347110748, 
          30.5347042084, 
          71.5526351929, 
          135.224761963, 
          56.7076148987, 
          28.4323406219, 
          17.7700653076, 
          15.518699646
        ], 
        [
          1151.10351562, 
          -332.910736084, 
          -140.85244751, 
          102.050048828, 
          -48.4968719482, 
          47.3355522156, 
          -16.2836265564, 
          63.2251586914, 
          56.7076148987, 
          148.240463257, 
          57.026260376, 
          46.0004692078, 
          2.74112010002
        ], 
        [
          443.49319458, 
          -10.3485975266, 
          -82.7258987427, 
          14.5019350052, 
          -11.2305641174, 
          26.2257061005, 
          8.57550144196, 
          23.2647190094, 
          28.4323406219, 
          57.026260376, 
          91.505241394, 
          49.6172180176, 
          21.6257286072
        ], 
        [
          672.618041992, 
          -155.679367065, 
          -45.0753555298, 
          41.6417503357, 
          -31.086183548, 
          52.2194137573, 
          -15.4788160324, 
          30.1155395508, 
          17.7700653076, 
          46.0004692078, 
          49.6172180176, 
          105.903022766, 
          42.0748329163
        ], 
        [
          105.733505249, 
          60.2867126465, 
          -13.8424024582, 
          -0.57091152668, 
          -15.8462352753, 
          -4.42459630966, 
          6.63608312607, 
          5.62788248062, 
          15.518699646, 
          2.74112010002, 
          21.6257286072, 
          42.0748329163, 
          76.6417694092
        ]
      ], 
      "icov": [
        [
          9.0081266535e-05, 
          4.37213202531e-05, 
          0.000116785013233, 
          2.7055359169e-05, 
          0.000168349899468, 
          -6.71516245347e-05, 
          9.60832476267e-05, 
          -0.000230087927775, 
          -4.42090868091e-06, 
          -0.000271785625955, 
          4.20073483838e-05, 
          -0.000215248466702, 
          1.90653354366e-05
        ], 
        [
          4.37213202531e-05, 
          0.00105440884363, 
          0.000160992174642, 
          0.000776555272751, 
          -0.000415612827055, 
          0.00055239192443, 
          -0.000656113144942, 
          0.0010379004525, 
          -0.00135824515019, 
          0.00163950887509, 
          -0.00125997315627, 
          0.000636593904346, 
          -0.000705873244442
        ], 
        [
          0.000116785013233, 
          0.000160992174642, 
          0.0010608616285, 
          -0.0001077771376, 
          0.000151147658471, 
          -0.000524070812389, 
          -0.000389819935663, 
          0.000293482153211, 
          -0.000645924301352, 
          0.000756383524276, 
          0.000434990652138, 
          -0.000296653830446, 
          6.01019128226e-05
        ], 
        [
          2.7055359169e-05, 
          0.000776555272751, 
          -0.0001077771376, 
          0.00250740977935, 
          -0.00108152686153, 
          -6.38443525531e-05, 
          -5.62541717954e-05, 
          0.00044580292888, 
          -0.00102542026434, 
          -0.000453037762782, 
          -0.000108994310722, 
          0.000249264849117, 
          -0.000786371703725
        ], 
        [
          0.000168349899468, 
          -0.000415612827055, 
          0.000151147658471, 
          -0.00108152686153, 
          0.00391391292214, 
          -0.000554586353246, 
          -0.000864852394443, 
          0.00060505035799, 
          -0.000467619596748, 
          3.14753924613e-05, 
          0.000149209066876, 
          -0.000586310983635, 
          0.00129491125699
        ], 
        [
          -6.71516245347e-05, 
          0.00055239192443, 
          -0.000524070812389, 
          -6.38443525531e-05, 
          -0.000554586353246, 
          0.00539996521547, 
          -0.00140078226104, 
          -0.000502365757711, 
          0.000554588157684, 
          0.000220758491196, 
          -0.000889597635251, 
          -0.00209544482641, 
          0.00119943777099
        ], 
        [
          9.60832476267e-05, 
          -0.000656113144942, 
          -0.000389819935663, 
          -5.62541717954e-05, 
          -0.000864852394443, 
          -0.00140078226104, 
          0.00869145337492, 
          -0.00251735979691, 
          -0.000294567085803, 
          -0.000355184980435, 
          -0.00123038212769, 
          0.00194714928512, 
          -0.00116409093607
        ], 
        [
          -0.000230087927775, 
          0.0010379004525, 
          0.000293482153211, 
          0.00044580292888, 
          0.00060505035799, 
          -0.000502365757711, 
          -0.00251735979691, 
          0.0121177639812, 
          -0.00619815569371, 
          0.00147392821964, 
          -0.000227638796787, 
          -5.6224205764e-05, 
          0.000278986844933
        ], 
        [
          -4.42090868091e-06, 
          -0.00135824515019, 
          -0.000645924301352, 
          -0.00102542026434, 
          -0.000467619596748, 
          0.000554588157684, 
          -0.000294567085803, 
          -0.00619815569371, 
          0.0139304818586, 
          -0.00624272925779, 
          0.000686254235916, 
          0.000111550507427, 
          -0.00148612214252
        ], 
        [
          -0.000271785625955, 
          0.00163950887509, 
          0.000756383524276, 
          -0.000453037762782, 
          3.14753924613e-05, 
          0.000220758491196, 
          -0.000355184980435, 
          0.00147392821964, 
          -0.00624272925779, 
          0.0182640068233, 
          -0.00817292742431, 
          0.000235101324506, 
          0.00194820796605
        ], 
        [
          4.20073483838e-05, 
          -0.00125997315627, 
          0.000434990652138, 
          -0.000108994310722, 
          0.000149209066876, 
          -0.000889597635251, 
          -0.00123038212769, 
          -0.000227638796787, 
          0.000686254235916, 
          -0.00817292742431, 
          0.0204984266311, 
          -0.00754325930029, 
          -0.000375870149583
        ], 
        [
          -0.000215248466702, 
          0.000636593904346, 
          -0.000296653830446, 
          0.000249264849117, 
          -0.000586310983635, 
          -0.00209544482641, 
          0.00194714928512, 
          -5.6224205764e-05, 
          0.000111550507427, 
          0.000235101324506, 
          -0.00754325930029, 
          0.0198569726199, 
          -0.00946581084281
        ], 
        [
          1.90653354366e-05, 
          -0.000705873244442, 
          6.01019128226e-05, 
          -0.000786371703725, 
          0.00129491125699, 
          0.00119943777099, 
          -0.00116409093607, 
          0.000278986844933, 
          -0.00148612214252, 
          0.00194820796605, 
          -0.000375870149583, 
          -0.00946581084281, 
          0.019532777369
        ]
      ], 
      "mean": [
        -7.30758619308, 
        81.623878479, 
        -93.1836547852, 
        27.1172103882, 
        -54.2860870361, 
        11.9965391159, 
        -33.0429878235, 
        8.4374370575, 
        -20.6697444916, 
        0.352006852627, 
        -15.9929523468, 
        -4.00024938583, 
        -11.4387626648
      ]
    }, 
    "hfc": {
      "dmean": 10.1908912659, 
      "dmean2": 14.5790615082, 
      "dvar": 323.145202637, 
      "dvar2": 700.562866211, 
      "max": 182.004669189, 
      "mean": 28.1485290527, 
      "median": 19.6577796936, 
      "min": 1.12068851374e-16, 
      "var": 790.639465332
    }, 
    "melbands": {
      "dmean": [
        0.00122579268645, 
        0.00167823105585, 
        0.001488994807, 
        0.000555556500331, 
        0.000247814197792, 
        0.000187308847671, 
        0.000192737847101, 
        0.000212211016333, 
        0.000212098733755, 
        0.000107259809738, 
        7.44310455048e-05, 
        8.12473663245e-05, 
        5.32674494025e-05, 
        2.87405746349e-05, 
        4.19143107138e-05, 
        3.15021679853e-05, 
        3.08453127218e-05, 
        1.38092927955e-05, 
        2.15335876419e-05, 
        1.51214908328e-05, 
        1.27852035803e-05, 
        1.25134147311e-05, 
        7.80534173828e-06, 
        8.00586622063e-06, 
        1.13950163723e-05, 
        6.10714278082e-06, 
        6.97748555467e-06, 
        6.7850146479e-06, 
        6.30450085737e-06, 
        5.48741309103e-06, 
        3.55619226866e-06, 
        3.50692562279e-06, 
        3.30928014591e-06, 
        3.36378889187e-06, 
        2.57852889263e-06, 
        2.61019317804e-06, 
        3.06979859488e-06, 
        2.80139011011e-06, 
        1.83106203622e-06, 
        1.54253859819e-06
      ], 
      "dmean2": [
        0.00197211652994, 
        0.00277432380244, 
        0.00265221949667, 
        0.00099136820063, 
        0.000407555053243, 
        0.000304211396724, 
        0.000315265526297, 
        0.000333945616148, 
        0.000345223932527, 
        0.000173081090907, 
        0.000120233817142, 
        0.000132127475808, 
        8.70552757988e-05, 
        4.75873748655e-05, 
        6.89642547513e-05, 
        5.26376825292e-05, 
        5.09934689035e-05, 
        2.31184585573e-05, 
        3.62548635167e-05, 
        2.572516496e-05, 
        2.12408631342e-05, 
        2.07227731153e-05, 
        1.28750489239e-05, 
        1.36700027724e-05, 
        1.99182213692e-05, 
        1.02360099845e-05, 
        1.14670310722e-05, 
        1.1382705452e-05, 
        1.06638053694e-05, 
        9.07910907699e-06, 
        5.67646247873e-06, 
        5.40472956345e-06, 
        4.97880273542e-06, 
        4.9671589295e-06, 
        3.57772319148e-06, 
        3.60340709449e-06, 
        4.35346964878e-06, 
        3.87844193028e-06, 
        2.5495137379e-06, 
        2.36137407228e-06
      ], 
      "dvar": [
        3.95637243855e-06, 
        1.02180947579e-05, 
        1.09900038296e-05, 
        1.66238532984e-06, 
        2.35364140622e-07, 
        1.61668978649e-07, 
        1.86613462461e-07, 
        2.23954600642e-07, 
        2.34818045897e-07, 
        5.43539755427e-08, 
        3.5390126385e-08, 
        4.38792149282e-08, 
        1.76151342401e-08, 
        5.86990678286e-09, 
        1.28014479017e-08, 
        1.09789981551e-08, 
        4.95086815988e-09, 
        6.95020041519e-10, 
        1.72343783689e-09, 
        8.92675988684e-10, 
        4.52883258673e-10, 
        4.25084356603e-10, 
        1.60562757534e-10, 
        2.50035270266e-10, 
        6.61099675003e-10, 
        1.54406445962e-10, 
        1.84021825556e-10, 
        1.99754990327e-10, 
        1.93397103887e-10, 
        1.27400159866e-10, 
        3.7884254761e-11, 
        4.08197538271e-11, 
        3.85569388917e-11, 
        4.11826475699e-11, 
        2.27379642892e-11, 
        2.49215960368e-11, 
        4.50701281851e-11, 
        3.3553826384e-11, 
        1.24864164147e-11, 
        1.06034703587e-11
      ], 
      "dvar2": [
        9.72521684162e-06, 
        2.65216531261e-05, 
        3.0453544241e-05, 
        4.75070646644e-06, 
        5.74212776883e-07, 
        3.98070170604e-07, 
        4.70502186545e-07, 
        5.16085322033e-07, 
        6.11853181454e-07, 
        1.33060666485e-07, 
        9.18806506434e-08, 
        1.13772507859e-07, 
        4.49272370417e-08, 
        1.58085509128e-08, 
        3.34580469996e-08, 
        3.17949329087e-08, 
        1.28790773601e-08, 
        1.77161074699e-09, 
        4.57753257521e-09, 
        2.30643260046e-09, 
        1.15675036216e-09, 
        1.03186637013e-09, 
        4.20338264195e-10, 
        6.91626533822e-10, 
        1.88057547312e-09, 
        4.07332528818e-10, 
        4.73744043994e-10, 
        5.19364218299e-10, 
        5.19120468834e-10, 
        3.31536353926e-10, 
        8.77268951927e-11, 
        9.68655364253e-11, 
        8.48219064431e-11, 
        9.10518396791e-11, 
        4.3534790356e-11, 
        4.81339169911e-11, 
        9.56752732595e-11, 
        6.04696431816e-11, 
        2.49852291634e-11, 
        2.50269943658e-11
      ], 
      "max": [
        0.0251387711614, 
        0.0292134974152, 
        0.0292760133743, 
        0.0156160779297, 
        0.0152535168454, 
        0.0107461623847, 
        0.00938303209841, 
        0.0106990113854, 
        0.00909664202482, 
        0.00805591885, 
        0.00553382420912, 
        0.00577495247126, 
        0.00336688221432, 
        0.00203027855605, 
        0.00259558833204, 
        0.00453954935074, 
        0.00231101713143, 
        0.000775446998887, 
        0.000832217338029, 
        0.000702701043338, 
        0.00038614415098, 
        0.000495557091199, 
        0.000190672260942, 
        0.000175313165528, 
        0.000318947801134, 
        0.000217352615437, 
        0.000287412141915, 
        0.000255254999502, 
        0.00015356237418, 
        0.000152676308062, 
        8.6254265625e-05, 
        9.15894415812e-05, 
        0.000176143788849, 
        0.000104458493297, 
        9.54872666625e-05, 
        9.19082303881e-05, 
        7.969186845e-05, 
        6.68824504828e-05, 
        6.60915538901e-05, 
        5.23706221429e-05
      ], 
      "mean": [
        0.00194386846852, 
        0.00207972712815, 
        0.00150021305308, 
        0.000680211407598, 
        0.000480181275634, 
        0.000323970307363, 
        0.000326755398419, 
        0.000386786618037, 
        0.000346084416378, 
        0.000169731501956, 
        0.00012533843983, 
        0.000132291461341, 
        9.06755594769e-05, 
        4.73204709124e-05, 
        6.7525623308e-05, 
        4.70842278446e-05, 
        4.97769724461e-05, 
        2.38970733335e-05, 
        3.10195719067e-05, 
        2.19697758439e-05, 
        2.17888791667e-05, 
        2.38411521423e-05, 
        1.4391905097e-05, 
        1.29517748064e-05, 
        1.68135411514e-05, 
        1.02873664218e-05, 
        1.19526212075e-05, 
        1.19170044854e-05, 
        1.0587660654e-05, 
        8.83873326529e-06, 
        6.54438690617e-06, 
        6.3121428866e-06, 
        5.82071606914e-06, 
        5.57016574021e-06, 
        4.80841481476e-06, 
        4.47975753559e-06, 
        4.87092574986e-06, 
        4.66257642984e-06, 
        3.24413122144e-06, 
        2.65176004177e-06
      ], 
      "median": [
        0.000800999987405, 
        0.000781646580435, 
        0.000585320871323, 
        0.0003567552194, 
        0.000272971781669, 
        0.000169256440131, 
        0.000165389705217, 
        0.000144193152664, 
        0.000139744341141, 
        8.02136273705e-05, 
        4.89733029099e-05, 
        4.36219997937e-05, 
        3.52512943209e-05, 
        2.18933910219e-05, 
        2.53281978075e-05, 
        1.73120060936e-05, 
        2.24543655349e-05, 
        1.39581115945e-05, 
        1.34653782879e-05, 
        1.11196568469e-05, 
        1.13121841423e-05, 
        1.41150276249e-05, 
        8.62162960402e-06, 
        6.79325148667e-06, 
        7.56513554734e-06, 
        4.10170741816e-06, 
        4.34718413089e-06, 
        3.82131474908e-06, 
        2.94450592264e-06, 
        2.7596865948e-06, 
        2.4298592507e-06, 
        2.04312163987e-06, 
        1.66548034031e-06, 
        1.43412160014e-06, 
        1.62740343512e-06, 
        1.29777708935e-06, 
        1.11068743536e-06, 
        1.12300494948e-06, 
        8.42145368551e-07, 
        7.68382278693e-07
      ], 
      "min": [
        1.70251980286e-24, 
        1.20064649496e-24, 
        7.09498342712e-25, 
        8.76300417323e-25, 
        3.33919575255e-24, 
        3.21065086804e-24, 
        2.93134638151e-24, 
        3.25181658831e-24, 
        1.61262387651e-24, 
        2.38183613013e-24, 
        3.3788600733e-24, 
        2.17981950192e-24, 
        3.19117566723e-24, 
        3.98562308817e-24, 
        3.99534106566e-24, 
        4.46423643785e-24, 
        3.0654164478e-24, 
        3.39055572508e-24, 
        3.92243177979e-24, 
        4.51868361753e-24, 
        4.86843377733e-24, 
        5.40436536595e-24, 
        3.24279024461e-24, 
        4.99311915985e-24, 
        5.88230108411e-24, 
        3.88791477645e-24, 
        6.24679544866e-24, 
        4.3091388897e-24, 
        6.42452344403e-24, 
        5.83699364688e-24, 
        7.35068401208e-24, 
        6.50863376589e-24, 
        6.87937906425e-24, 
        6.70212438543e-24, 
        6.78976052112e-24, 
        5.39117995035e-24, 
        7.43297167082e-24, 
        6.41504015265e-24, 
        6.34295995959e-24, 
        6.17962394258e-24
      ], 
      "var": [
        7.19341824151e-06, 
        1.04319788079e-05, 
        8.1681764641e-06, 
        1.2576537074e-06, 
        5.20785249591e-07, 
        2.84489971136e-07, 
        3.14492638154e-07, 
        5.35058916284e-07, 
        4.13773022956e-07, 
        8.95886671515e-08, 
        7.1060341611e-08, 
        7.77482966896e-08, 
        3.54441951345e-08, 
        9.77242287092e-09, 
        2.24036842411e-08, 
        1.72443126445e-08, 
        8.60743742948e-09, 
        1.16639842229e-09, 
        2.58837751232e-09, 
        1.15945941737e-09, 
