{
  "lowlevel": {
    "average_loudness": 0.816526412964, 
    "barkbands": {
      "dmean": [
        0.0108213257045, 
        0.0134035935625, 
        0.00142978737131, 
        0.00124017847702, 
        0.00162109348457, 
        0.00229897396639, 
        0.00232980842702, 
        0.000893375836313, 
        0.00110090663657, 
        0.000469283782877, 
        0.00034913115087, 
        0.000401892146328, 
        0.000296643498586, 
        0.000279261963442, 
        0.000218503177166, 
        0.000173352949787, 
        0.000132407061756, 
        0.000136018948979, 
        0.00010619727982, 
        9.28335430217e-05, 
        5.31603727723e-05, 
        3.09110473609e-05, 
        1.61628686328e-05, 
        3.3882029129e-06, 
        2.97889641843e-06, 
        6.79137474435e-06, 
        0.000188088102732
      ], 
      "dmean2": [
        0.0178769156337, 
        0.0228399094194, 
        0.0024028045591, 
        0.00208876677789, 
        0.00261822529137, 
        0.00363208167255, 
        0.0038077654317, 
        0.00149707461242, 
        0.00180012953933, 
        0.000778627058025, 
        0.000584102061111, 
        0.000668903638143, 
        0.000485614873469, 
        0.000457548332633, 
        0.00036520906724, 
        0.00028302546707, 
        0.000214428117033, 
        0.000214077532291, 
        0.000156364083523, 
        0.000137497816468, 
        7.58635505917e-05, 
        4.51681189588e-05, 
        2.50883404078e-05, 
        5.43315036339e-06, 
        4.85522514282e-06, 
        1.03200463855e-05, 
        0.000257972307736
      ], 
      "dvar": [
        0.000632492476143, 
        0.000954069779254, 
        7.3573392001e-06, 
        6.02172121944e-06, 
        1.00839724837e-05, 
        2.09409263334e-05, 
        2.14971933019e-05, 
        3.5183052205e-06, 
        5.06433752889e-06, 
        9.05608942503e-07, 
        5.13788791068e-07, 
        4.27070546039e-07, 
        2.88175499463e-07, 
        1.84816258297e-07, 
        1.63836730849e-07, 
        1.26620562924e-07, 
        8.84150850311e-08, 
        1.43516970752e-07, 
        1.04315290628e-07, 
        8.60288480453e-08, 
        2.92839406058e-08, 
        1.20177823248e-08, 
        6.24208640332e-09, 
        4.46283357491e-11, 
        3.68992093824e-11, 
        4.53241083553e-10, 
        1.82185516451e-07
      ], 
      "dvar2": [
        0.00152157002594, 
        0.00254601589404, 
        1.92961997527e-05, 
        1.52851062012e-05, 
        2.50568773481e-05, 
        4.98236076965e-05, 
        5.41991030332e-05, 
        9.41260805121e-06, 
        1.36011794893e-05, 
        2.39043720285e-06, 
        1.3874941942e-06, 
        1.1279936416e-06, 
        7.22774075257e-07, 
        4.70341319669e-07, 
        4.31841300497e-07, 
        3.09463786152e-07, 
        2.24540968929e-07, 
        3.36002500489e-07, 
        2.09086437053e-07, 
        1.8248262279e-07, 
        5.87210138292e-08, 
        2.50112712763e-08, 
        1.55110679856e-08, 
        1.07196709842e-10, 
        9.02918503853e-11, 
        1.06791275822e-09, 
        2.81923064449e-07
      ], 
      "max": [
        0.360585272312, 
        0.359117716551, 
        0.0547960102558, 
        0.0511943213642, 
        0.0810382813215, 
        0.085347674787, 
        0.0962001308799, 
        0.0513197146356, 
        0.0424230881035, 
        0.0247937813401, 
        0.0248108692467, 
        0.0176298972219, 
        0.0164406374097, 
        0.0114844059572, 
        0.0103995930403, 
        0.010054718703, 
        0.00662693427876, 
        0.00763913523406, 
        0.0111877527088, 
        0.00885433703661, 
        0.00522988662124, 
        0.00346809462644, 
        0.00169728288893, 
        0.000100633878901, 
        9.41125545069e-05, 
        0.000431404070696, 
        0.0192350316793
      ], 
      "mean": [
        0.0119061162695, 
        0.0158274807036, 
        0.00170422450174, 
        0.00152645050548, 
        0.00237015797757, 
        0.00342346029356, 
        0.00346041820012, 
        0.00126301019918, 
        0.00174265552778, 
        0.000690733024385, 
        0.000518641259987, 
        0.000640833284706, 
        0.000488715537358, 
        0.000463855365524, 
        0.000341197883245, 
        0.000289879128104, 
        0.00021047325572, 
        0.000212707935134, 
        0.000182021962246, 
        0.000147670943988, 
        8.5565741756e-05, 
        4.5402404794e-05, 
        1.83353040484e-05, 
        3.90783179682e-06, 
        2.99467660625e-06, 
        9.07339381229e-06, 
        0.000558289699256
      ], 
      "median": [
        0.00244642933831, 
        0.00520838424563, 
        0.000739050097764, 
        0.000604530621786, 
        0.00110983964987, 
        0.00135592371225, 
        0.00170723930933, 
        0.000503301795106, 
        0.000769968552049, 
        0.00032866068068, 
        0.000282299472019, 
        0.000388101383578, 
        0.000284477806417, 
        0.000285666144919, 
        0.000198272507987, 
        0.000154481313075, 
        9.28147564991e-05, 
        7.86712262197e-05, 
        5.93940458202e-05, 
        4.18803610955e-05, 
        2.47830757871e-05, 
        9.99114217848e-06, 
        3.31431283485e-06, 
        1.24281382341e-06, 
        8.40180973682e-07, 
        2.68612211585e-06, 
        0.000234177146922
      ], 
      "min": [
        1.55127317783e-24, 
        2.00142728568e-24, 
        1.33404001441e-24, 
        3.19953108472e-24, 
        1.92057306608e-23, 
        2.02130239952e-23, 
        4.55145684383e-24, 
        1.67981224449e-23, 
        2.70927335922e-23, 
        2.92381197101e-23, 
        2.92915603032e-23, 
        1.44043192949e-23, 
        3.53968672376e-23, 
        6.97679123759e-23, 
        6.70560483975e-23, 
        9.34311836232e-23, 
        1.10286844005e-22, 
        7.04012288433e-23, 
        1.27475693989e-22, 
        2.13440997031e-22, 
        2.49824726106e-22, 
        3.12157435123e-22, 
        4.18308578014e-22, 
        7.33603836761e-22, 
        8.74939488689e-22, 
        1.39803590649e-21, 
        2.19311187444e-21
      ], 
      "var": [
        0.000717890739907, 
        0.000952193629928, 
        8.48312356538e-06, 
        8.51889126352e-06, 
        1.55793550221e-05, 
        3.45671032846e-05, 
        3.15846846206e-05, 
        5.0404069043e-06, 
        8.15203020466e-06, 
        1.4133465811e-06, 
        6.34734306004e-07, 
        6.54015650525e-07, 
        5.158217391e-07, 
        3.24366141058e-07, 
        2.28782397471e-07, 
        2.10578022575e-07, 
        1.27132508965e-07, 
        2.2214661044e-07, 
        2.55248835401e-07, 
        1.67733546164e-07, 
        6.36758983319e-08, 
        2.28877237163e-08, 
        5.86631676569e-09, 
        5.62840850316e-11, 
        3.99360683412e-11, 
        5.65246793816e-10, 
        7.65118329582e-07
      ]
    }, 
    "barkbands_crest": {
      "dmean": 2.9316906929, 
      "dmean2": 4.77513599396, 
      "dvar": 5.89691352844, 
      "dvar2": 15.3028802872, 
      "max": 24.7362194061, 
      "mean": 10.4521551132, 
      "median": 9.90313529968, 
      "min": 2.52579665184, 
      "var": 15.9644927979
    }, 
    "barkbands_flatness_db": {
      "dmean": 0.027753315866, 
      "dmean2": 0.0444341264665, 
      "dvar": 0.000592029246036, 
      "dvar2": 0.00149892841, 
      "max": 0.344090104103, 
      "mean": 0.151958554983, 
      "median": 0.148960217834, 
      "min": 0.0329800732434, 
      "var": 0.00184252508916
    }, 
    "barkbands_kurtosis": {
      "dmean": 5.68996763229, 
      "dmean2": 9.36130046844, 
      "dvar": 117.00655365, 
      "dvar2": 307.026641846, 
      "max": 245.463394165, 
      "mean": 9.84766387939, 
      "median": 6.01804924011, 
      "min": -1.68057513237, 
      "var": 227.110458374
    }, 
    "barkbands_skewness": {
      "dmean": 0.70443624258, 
      "dmean2": 1.11150443554, 
      "dvar": 0.621725142002, 
      "dvar2": 1.51092898846, 
      "max": 11.9818515778, 
      "mean": 2.28604507446, 
      "median": 2.04245138168, 
      "min": -2.15033698082, 
      "var": 2.02692985535
    }, 
    "barkbands_spread": {
      "dmean": 6.04261159897, 
      "dmean2": 9.41586017609, 
      "dvar": 48.3342704773, 
      "dvar2": 103.949752808, 
      "max": 114.466926575, 
      "mean": 20.2550888062, 
      "median": 17.2766971588, 
      "min": 0.828760504723, 
      "var": 173.926147461
    }, 
    "dissonance": {
      "dmean": 0.0237718280405, 
      "dmean2": 0.0401807762682, 
      "dvar": 0.000488602963742, 
      "dvar2": 0.00135878345463, 
      "max": 0.500000059605, 
      "mean": 0.457975417376, 
      "median": 0.464940786362, 
      "min": 0.262481063604, 
      "var": 0.000992502551526
    }, 
    "dynamic_complexity": 4.23188018799, 
    "erbbands": {
      "dmean": [
        0.822900593281, 
        1.57423591614, 
        1.60105895996, 
        3.00162696838, 
        3.150785923, 
        6.1953701973, 
        19.5287322998, 
        15.1883926392, 
        24.5321140289, 
        35.3520584106, 
        21.8651752472, 
        21.5121078491, 
        17.6886405945, 
        13.1977386475, 
        13.0346240997, 
        13.3595743179, 
        12.3448925018, 
        13.8423700333, 
        10.5541372299, 
        10.7443981171, 
        8.82421875, 
        7.49951314926, 
        7.72501277924, 
        4.98240470886, 
        6.11151170731, 
        3.93553757668, 
        2.28480625153, 
        2.05724525452, 
        1.18509638309, 
        0.874109745026, 
        0.292281627655, 
        0.0884716287255, 
        0.0510371550918, 
        0.033488612622, 
        0.0211788658053, 
        0.0124915298074, 
        0.0105162775144, 
        0.0185489133, 
        0.0127279767767, 
        0.00528110703453
      ], 
      "dmean2": [
        1.42902123928, 
        2.59627318382, 
        2.66566967964, 
        5.02316856384, 
        5.25501203537, 
        10.1703138351, 
        31.1628780365, 
        24.0624923706, 
        39.0503845215, 
        58.8561248779, 
        35.9675178528, 
        35.0930862427, 
        29.4252128601, 
        21.8355998993, 
        21.688375473, 
        22.0638618469, 
        20.1117019653, 
        22.4537086487, 
        17.3496284485, 
        17.713098526, 
        14.2932128906, 
        11.9676322937, 
        12.0654201508, 
        7.46805953979, 
        8.89657592773, 
        5.71229696274, 
        3.28773784637, 
        2.96552610397, 
        1.71448886395, 
        1.33862543106, 
        0.439030379057, 
        0.138576090336, 
        0.0824016183615, 
        0.0545464903116, 
        0.0344981960952, 
        0.0201484244317, 
        0.015700891614, 
        0.0262116845697, 
        0.0166310276836, 
        0.0072395815514
      ], 
      "dvar": [
        3.84047627449, 
        11.9878587723, 
        9.60365486145, 
        33.3154640198, 
        37.6172409058, 
        163.456863403, 
        1624.01550293, 
        873.061340332, 
        3341.62646484, 
        4882.65722656, 
        2032.58935547, 
        2053.76464844, 
        1508.67944336, 
        855.14666748, 
        461.224273682, 
        496.356140137, 
        478.938171387, 
        482.32623291, 
        346.768341064, 
        381.409667969, 
        350.719268799, 
        287.175018311, 
        441.124969482, 
        182.648620605, 
        370.739379883, 
        148.233764648, 
        45.9217033386, 
        54.0456390381, 
        17.5359249115, 
        15.8119153976, 
        1.24133455753, 
        0.0335993804038, 
        0.0105162616819, 
        0.00469910725951, 
        0.00184657098725, 
        0.000597573292907, 
        0.000607441179454, 
        0.00391794601455, 
        0.000983817968518, 
        0.000120359378343
      ], 
      "dvar2": [
        10.5501918793, 
        29.600692749, 
        24.8321895599, 
        85.4098739624, 
        92.2065124512, 
        426.380554199, 
        3972.41479492, 
        2130.94116211, 
        7864.36181641, 
        13317.4414062, 
        5384.453125, 
        5402.375, 
        4178.53808594, 
        2314.51147461, 
        1219.22644043, 
        1317.40588379, 
        1184.98547363, 
        1188.69580078, 
        903.84173584, 
        1008.69134521, 
        839.143737793, 
        714.963439941, 
        1019.62347412, 
        369.713928223, 
        761.26739502, 
        299.421020508, 
        92.1350097656, 
        114.636863708, 
        37.1725234985, 
        38.1198158264, 
        2.85538363457, 
        0.0757068768144, 
        0.025642098859, 
        0.0114981560037, 
        0.00451645767316, 
        0.0014507236192, 
        0.00126620254014, 
        0.00840145815164, 
        0.00160588242579, 
        0.000200021473574
      ], 
      "max": [
        21.8591594696, 
        55.9154243469, 
        48.0391654968, 
        127.526496887, 
        182.164413452, 
        264.766052246, 
        670.125732422, 
        739.732421875, 
        1477.32019043, 
        2555.72045898, 
        910.172302246, 
        1037.05310059, 
        1264.92883301, 
        913.843139648, 
        402.675445557, 
        711.66394043, 
        857.855957031, 
        560.905334473, 
        615.593933105, 
        546.788818359, 
        700.285217285, 
        357.811645508, 
        367.763702393, 
        475.271118164, 
        622.760986328, 
        419.09173584, 
        186.837524414, 
        216.869125366, 
        128.587203979, 
        78.1017379761, 
        20.7427349091, 
        3.5971224308, 
        1.61803352833, 
        1.06645929813, 
        0.664125084877, 
        0.373088628054, 
        0.502628087997, 
        1.32988834381, 
        1.0098760128, 
        0.498460948467
      ], 
      "mean": [
        0.891506254673, 
        1.96363222599, 
        2.07228302956, 
        3.88805580139, 
        4.38523578644, 
        8.66237449646, 
        26.5051345825, 
        23.7111854553, 
        37.2486114502, 
        50.3863334656, 
        33.7910995483, 
        34.4503097534, 
        27.9274253845, 
        21.1028423309, 
        22.7635173798, 
        22.9372634888, 
        22.1784324646, 
        24.5114383698, 
        18.3089637756, 
        18.1850318909, 
        15.2883901596, 
        12.6420078278, 
        12.2305374146, 
        8.81219577789, 
        10.0265035629, 
        6.55586290359, 
        3.85592365265, 
        3.13359570503, 
        1.76600933075, 
        1.06086325645, 
        0.366639375687, 
        0.111391171813, 
        0.0554204881191, 
        0.033840265125, 
        0.0214767549187, 
        0.0140276178718, 
        0.0156385190785, 
        0.0315485596657, 
        0.0321200601757, 
        0.0193727593869
      ], 
      "median": [
        0.244518771768, 
        0.721467196941, 
        0.96394276619, 
        1.74663186073, 
        2.20482182503, 
        3.69184398651, 
        8.85894107819, 
        10.8756170273, 
        17.2381896973, 
        23.8122882843, 
        13.4464492798, 
        16.2150630951, 
        14.4198102951, 
        11.4721660614, 
        14.4950866699, 
        14.4879951477, 
        13.6601791382, 
        15.7956342697, 
        11.0065221786, 
        10.7965621948, 
        8.32053089142, 
        5.72158288956, 
        4.55809211731, 
        3.32925868034, 
        2.89539575577, 
        1.91334223747, 
        1.29778444767, 
        0.760974466801, 
        0.399895578623, 
        0.186747729778, 
        0.0825124457479, 
        0.0351145677269, 
        0.0173028428108, 
        0.00966244377196, 
        0.00610297126696, 
        0.00467161368579, 
        0.00512158079073, 
        0.00802153535187, 
        0.0105066336691, 
        0.00923973880708
      ], 
      "min": [
        1.02996746877e-22, 
        4.70917951597e-22, 
        1.34445203094e-21, 
        1.17560209204e-20, 
        8.43736745604e-21, 
        4.89590142306e-20, 
        8.75760089823e-20, 
        1.3607846152e-19, 
        1.63247027794e-19, 
        2.4368265217e-19, 
        4.29488769349e-19, 
        6.52352526271e-19, 
        9.5665733268e-19, 
        1.09080845045e-18, 
        1.41080316702e-18, 
        8.10948588899e-19, 
        2.47515145384e-18, 
        3.12098305685e-18, 
        1.84561324094e-18, 
        4.52678436609e-18, 
        4.17364524616e-18, 
        6.20700904741e-18, 
        4.45334644413e-18, 
        6.17415053835e-18, 
        7.59218791681e-18, 
        9.46338213179e-18, 
        1.24566617369e-17, 
        1.10328671814e-17, 
        1.12248649006e-17, 
        1.14238804201e-17, 
        1.23620463369e-17, 
        1.2187182837e-17, 
        1.13242638861e-17, 
        8.57729633346e-18, 
        6.23233524982e-18, 
        4.41102788399e-18, 
        2.58875892071e-18, 
        1.15125146839e-18, 
        2.62885856885e-19, 
        3.01653446976e-20
      ], 
      "var": [
        3.42818784714, 
        14.0499734879, 
        11.7342758179, 
        43.7899551392, 
        53.4245758057, 
        232.835662842, 
        2374.02294922, 
        1412.17626953, 
        5237.96630859, 
        6443.32958984, 
        3170.84936523, 
        3244.69873047, 
        2269.16625977, 
        1129.93688965, 
        741.62512207, 
        783.413513184, 
        909.575073242, 
        895.884033203, 
        564.008666992, 
        593.273925781, 
        574.961975098, 
        439.436004639, 
        689.037780762, 
        435.794006348, 
        849.084350586, 
        325.662475586, 
        99.7744140625, 
        108.484115601, 
        34.1701850891, 
        16.8182468414, 
        1.47828865051, 
        0.0499926134944, 
        0.0121424915269, 
        0.00508830463514, 
        0.00201197410934, 
        0.000711599597707, 
        0.00109568319749, 
        0.00680218823254, 
        0.00332841114141, 
        0.000690309796482
      ]
    }, 
    "erbbands_crest": {
      "dmean": 2.68329787254, 
      "dmean2": 4.45018053055, 
      "dvar": 6.4006485939, 
      "dvar2": 16.6748313904, 
      "max": 29.6819286346, 
      "mean": 8.36570835114, 
      "median": 7.3840265274, 
      "min": 2.48116779327, 
      "var": 14.7662582397
    }, 
    "erbbands_flatness_db": {
      "dmean": 0.0226484201849, 
      "dmean2": 0.0346016101539, 
      "dvar": 0.000355870841304, 
      "dvar2": 0.000826088304166, 
      "max": 0.324143230915, 
      "mean": 0.164089977741, 
      "median": 0.159859970212, 
      "min": 0.052096594125, 
      "var": 0.00168987712823
    }, 
    "erbbands_kurtosis": {
      "dmean": 1.22958087921, 
      "dmean2": 2.01452708244, 
      "dvar": 13.017077446, 
      "dvar2": 35.5900917053, 
      "max": 127.479064941, 
      "mean": 1.02888417244, 
      "median": 0.0407960414886, 
      "min": -1.62549746037, 
      "var": 23.5718097687
    }, 
    "erbbands_skewness": {
      "dmean": 0.397533208132, 
      "dmean2": 0.615642905235, 
      "dvar": 0.14344419539, 
      "dvar2": 0.353451430798, 
      "max": 9.08332920074, 
      "mean": 0.440170347691, 
      "median": 0.378520041704, 
      "min": -2.83301639557, 
      "var": 0.817548155785
    }, 
    "erbbands_spread": {
      "dmean": 5.28766870499, 
      "dmean2": 8.17685127258, 
      "dvar": 24.0836257935, 
      "dvar2": 54.241897583, 
      "max": 78.2830352783, 
      "mean": 25.3212490082, 
      "median": 24.2505817413, 
      "min": 1.78858029842, 
      "var": 90.8541641235
    }, 
    "gfcc": {
      "cov": [
        [
          14667.1982422, 
          302.262084961, 
          -526.434326172, 
          1151.43566895, 
          699.231933594, 
          276.600067139, 
          1000.79852295, 
          291.642852783, 
          366.603820801, 
          243.092010498, 
          39.5701293945, 
          202.597457886, 
          5.91462945938
        ], 
        [
          302.262084961, 
          726.221496582, 
          36.6657676697, 
          -158.77796936, 
          95.9939193726, 
          36.7363128662, 
          27.0980873108, 
          -20.6371955872, 
          14.8107252121, 
          17.3889770508, 
          29.3373641968, 
          -51.6555519104, 
          58.8277206421
        ], 
        [
          -526.434326172, 
          36.6657676697, 
          489.139709473, 
          146.935775757, 
          -77.915725708, 
          179.07723999, 
          -40.034198761, 
          95.3338165283, 
          -32.2724151611, 
          39.524646759, 
          0.0628674998879, 
          8.24483299255, 
          14.1148891449
        ], 
        [
          1151.43566895, 
          -158.77796936, 
          146.935775757, 
          501.123718262, 
          149.398040771, 
          97.669128418, 
          241.255493164, 
          32.0588760376, 
          52.7876472473, 
          43.36460495, 
          -18.9181728363, 
          71.8075637817, 
          -47.6399726868
        ], 
        [
          699.231933594, 
          95.9939193726, 
          -77.915725708, 
          149.398040771, 
          300.430908203, 
          36.9250679016, 
          142.2709198, 
          5.73620223999, 
          46.2808151245, 
          -8.94718265533, 
          23.4603157043, 
          8.97048473358, 
          9.98340320587
        ], 
        [
          276.600067139, 
          36.7363128662, 
          179.07723999, 
          97.669128418, 
          36.9250679016, 
          279.410430908, 
          25.3401184082, 
          95.0841674805, 
          -23.7309570312, 
          46.6401634216, 
          0.542550683022, 
          3.52151656151, 
          14.0647010803
        ], 
        [
          1000.79852295, 
          27.0980873108, 
          -40.034198761, 
          241.255493164, 
          142.2709198, 
          25.3401184082, 
          313.342163086, 
          10.5039491653, 
          97.8146209717, 
          36.2108917236, 
          2.03413581848, 
          49.06042099, 
          -34.6894989014
        ], 
        [
          291.642852783, 
          -20.6371955872, 
          95.3338165283, 
          32.0588760376, 
          5.73620223999, 
          95.0841674805, 
          10.5039491653, 
          145.872329712, 
          28.7435836792, 
          29.8588848114, 
          19.0616607666, 
          -0.190778255463, 
          18.3319034576
        ], 
        [
          366.603820801, 
          14.8107252121, 
          -32.2724151611, 
          52.7876472473, 
          46.2808151245, 
          -23.7309570312, 
          97.8146209717, 
          28.7435836792, 
          106.838264465, 
          37.1143684387, 
          13.9956607819, 
          23.1896800995, 
          -10.8807191849
        ], 
        [
          243.092010498, 
          17.3889770508, 
          39.524646759, 
          43.36460495, 
          -8.94718265533, 
          46.6401634216, 
          36.2108917236, 
          29.8588848114, 
          37.1143684387, 
          84.6422958374, 
          27.7842903137, 
          10.896894455, 
          8.26201248169
        ], 
        [
          39.5701293945, 
          29.3373641968, 
          0.0628674998879, 
          -18.9181728363, 
          23.4603157043, 
          0.542550683022, 
          2.03413581848, 
          19.0616607666, 
          13.9956607819, 
          27.7842903137, 
          61.2493858337, 
          23.3965110779, 
          19.7438411713
        ], 
        [
          202.597457886, 
          -51.6555519104, 
          8.24483299255, 
          71.8075637817, 
          8.97048473358, 
          3.52151656151, 
          49.06042099, 
          -0.190778255463, 
          23.1896800995, 
          10.896894455, 
          23.3965110779, 
          68.9552230835, 
          9.87316417694
        ], 
        [
          5.91462945938, 
          58.8277206421, 
          14.1148891449, 
          -47.6399726868, 
          9.98340320587, 
          14.0647010803, 
          -34.6894989014, 
          18.3319034576, 
          -10.8807191849, 
          8.26201248169, 
          19.7438411713, 
          9.87316417694, 
          67.3668518066
        ]
      ], 
      "icov": [
        [
          0.000133006149554, 
          -0.000202624345548, 
          0.000446018268121, 
          -0.000488496909384, 
          0.000135882059112, 
          -6.8100001954e-05, 
          -2.14569608943e-05, 
          -0.000410584034398, 
          3.02733933495e-05, 
          -9.85124133877e-05, 
          5.83003493375e-05, 
          -7.766525232e-05, 
          -0.00016761207371
        ], 
        [
          -0.000202624345548, 
          0.00273403036408, 
          -0.00183888629545, 
          0.00241978978738, 
          -0.00120786635671, 
          -0.00033723632805, 
          -0.00147916714195, 
          0.00231777969748, 
          -0.000833422585856, 
          3.11974258693e-06, 
          -0.000817990803625, 
          0.00237146625295, 
          -0.00165898620617
        ], 
        [
          0.000446018268121, 
          -0.00183888629545, 
          0.006171093788, 
          -0.00530633796006, 
          0.00361596071161, 
          -0.00241686287336, 
          0.00186932180077, 
          -0.0024064136669, 
          -0.000761621980928, 
          0.00178853294346, 
          -0.00234988657758, 
          0.00143877277151, 
          -0.00175723107532
        ], 
        [
          -0.000488496909384, 
          0.00241978978738, 
          -0.00530633796006, 
          0.0108132269233, 
          -0.00639198580757, 
          0.00227558123879, 
          -0.00379853812046, 
          0.000126037790324, 
          0.00469775078818, 
          -0.00679990509525, 
          0.00834209285676, 
          -0.00808347389102, 
          0.00550281861797
        ], 
        [
          0.000135882059112, 
          -0.00120786635671, 
          0.00361596071161, 
          -0.00639198580757, 
          0.0102997198701, 
          -0.00407469971105, 
          -0.000698952528182, 
          0.0022815244738, 
          -0.00607913173735, 
          0.00986470561475, 
          -0.0106889456511, 
          0.00930817332119, 
          -0.00631462410092
        ], 
        [
          -6.8100001954e-05, 
          -0.00033723632805, 
          -0.00241686287336, 
          0.00227558123879, 
          -0.00407469971105, 
          0.00892669335008, 
          -0.000792146893218, 
          -0.00568739650771, 
          0.00793050322682, 
          -0.00821022782475, 
          0.00725607201457, 
          -0.00581666687503, 
          0.00330967642367
        ], 
        [
          -2.14569608943e-05, 
          -0.00147916714195, 
          0.00186932180077, 
          -0.00379853812046, 
          -0.000698952528182, 
          -0.000792146893218, 
          0.00913667678833, 
          -0.000165403354913, 
          -0.00464722234756, 
          -0.000220635323785, 
          0.000943338847719, 
          -0.00278321141377, 
          0.00264232768677
        ], 
        [
          -0.000410584034398, 
          0.00231777969748, 
          -0.0024064136669, 
          0.000126037790324, 
          0.0022815244738, 
          -0.00568739650771, 
          -0.000165403354913, 
          0.0157389938831, 
          -0.0096767488867, 
          0.00614769896492, 
          -0.00872504897416, 
          0.00936275813729, 
          -0.00604535127059
        ], 
        [
          3.02733933495e-05, 
          -0.000833422585856, 
          -0.000761621980928, 
          0.00469775078818, 
          -0.00607913173735, 
          0.00793050322682, 
          -0.00464722234756, 
          -0.0096767488867, 
          0.0257386118174, 
          -0.0155112678185, 
          0.0105715738609, 
          -0.0128630027175, 
          0.00853858888149
        ], 
        [
          -9.85124133877e-05, 
          3.11974258693e-06, 
          0.00178853294346, 
          -0.00679990509525, 
          0.00986470561475, 
          -0.00821022782475, 
          -0.000220635323785, 
          0.00614769896492, 
          -0.0155112678185, 
          0.0308567006141, 
          -0.020996639505, 
          0.0152335939929, 
          -0.00908037740737
        ], 
        [
          5.83003493375e-05, 
          -0.000817990803625, 
          -0.00234988657758, 
          0.00834209285676, 
          -0.0106889456511, 
          0.00725607201457, 
          0.000943338847719, 
          -0.00872504897416, 
          0.0105715738609, 
          -0.020996639505, 
          0.0401589944959, 
          -0.0235877521336, 
          0.00599973415956
        ], 
        [
          -7.766525232e-05, 
          0.00237146625295, 
          0.00143877277151, 
          -0.00808347389102, 
          0.00930817332119, 
          -0.00581666687503, 
          -0.00278321141377, 
          0.00936275813729, 
          -0.0128630027175, 
          0.0152335939929, 
          -0.0235877521336, 
          0.0378877669573, 
          -0.01481343247
        ], 
        [
          -0.00016761207371, 
          -0.00165898620617, 
          -0.00175723107532, 
          0.00550281861797, 
          -0.00631462410092, 
          0.00330967642367, 
          0.00264232768677, 
          -0.00604535127059, 
          0.00853858888149, 
          -0.00908037740737, 
          0.00599973415956, 
          -0.01481343247, 
          0.0267230011523
        ]
      ], 
      "mean": [
        -23.5994300842, 
        111.751052856, 
        -98.6511764526, 
        -13.9702215195, 
        -16.0672225952, 
        -26.3618125916, 
        -2.47066998482, 
        -15.1535005569, 
        2.54552841187, 
        -1.67839574814, 
        0.932752430439, 
        -2.89974522591, 
        -2.53569436073
      ]
    }, 
    "hfc": {
      "dmean": 49.9068145752, 
      "dmean2": 75.5548248291, 
      "dvar": 6940.83984375, 
      "dvar2": 16095.234375, 
      "max": 1749.67565918, 
      "mean": 162.857131958, 
      "median": 84.5214614868, 
      "min": 1.10274405457e-16, 
      "var": 41111.546875
    }, 
    "melbands": {
      "dmean": [
        0.00568996975198, 
        0.00111036049202, 
        0.000509933044668, 
        0.000277252082014, 
        0.000582787266467, 
        0.000371865811758, 
        0.000394661561586, 
        0.000336147088092, 
        0.000197323708562, 
        0.000137851180625, 
        9.06429995666e-05, 
        5.62672030355e-05, 
        4.57318456029e-05, 
        4.91014507134e-05, 
        3.27455381921e-05, 
        3.12037518597e-05, 
        2.62891171587e-05, 
        1.83284173545e-05, 
        1.84649070434e-05, 
        1.26369222926e-05, 
        1.04124628706e-05, 
        7.98723340267e-06, 
        8.60259751789e-06, 
        6.05127752351e-06, 
        4.00061890105e-06, 
        4.50857260148e-06, 
        4.72424653708e-06, 
        2.30351383834e-06, 
        1.53281962412e-06, 
        1.35720711114e-06, 
        1.18762250167e-06, 
        7.46203397739e-07, 
        4.83524161154e-07, 
        5.31506145762e-07, 
        1.89337285406e-07, 
        7.12084187171e-08, 
        4.66562646295e-08, 
        3.63562087102e-08, 
        3.10479322252e-08, 
        2.72859530526e-08
      ], 
      "dmean2": [
        0.00968075357378, 
        0.00181827240158, 
        0.000847749179229, 
        0.000459268834675, 
        0.000927466142457, 
        0.000584851193707, 
        0.000633671879768, 
        0.000558020430617, 
        0.000323277316056, 
        0.00022603906109, 
        0.000150950654643, 
        9.32576440391e-05, 
        7.64165743021e-05, 
        8.20382119855e-05, 
        5.3974938055e-05, 
        5.08166049258e-05, 
        4.29846768384e-05, 
        3.04220229737e-05, 
        3.11348449031e-05, 
        2.08641995414e-05, 
        1.69463783095e-05, 
        1.30418011395e-05, 
        1.37007446028e-05, 
        9.52101436269e-06, 
        6.16174929746e-06, 
        6.71932548357e-06, 
        7.19664285498e-06, 
        3.37332903655e-06, 
        2.28532258006e-06, 
        1.99710302695e-06, 
        1.75075967945e-06, 
        1.10054281777e-06, 
        7.1496685905e-07, 
        8.38808318804e-07, 
        2.85566699176e-07, 
        1.10578355361e-07, 
        7.44572403732e-08, 
        5.88279718272e-08, 
        5.04738046914e-08, 
        4.44975967184e-08
      ], 
      "dvar": [
        0.00018079020083, 
        5.10904283146e-06, 
        9.25544668462e-07, 
        2.78950153643e-07, 
        1.34184210765e-06, 
        4.97317614645e-07, 
        7.4948314932e-07, 
        4.31512603427e-07, 
        1.67446728483e-07, 
        8.84548470026e-08, 
        3.8498960464e-08, 
        1.43624401261e-08, 
        6.93947788122e-09, 
        7.46028394616e-09, 
        4.13936573906e-09, 
        3.21545878812e-09, 
        1.84142134874e-09, 
        1.07613018496e-09, 
        1.16298926045e-09, 
        6.73032796161e-10, 
        5.33780686318e-10, 
        3.42566974787e-10, 
        5.40857192366e-10, 
        2.84752277313e-10, 
        1.19800877552e-10, 
        2.19155610326e-10, 
        2.55548332495e-10, 
        5.1844931126e-11, 
        2.2310576997e-11, 
        2.08323115702e-11, 
        1.91939901473e-11, 
        7.62593200393e-12, 
        2.92688291138e-12, 
        8.00424223429e-12, 
        5.64260660765e-13, 
        2.8045553957e-14, 
        8.69402494468e-15, 
        5.36039294956e-15, 
        4.03016878699e-15, 
        3.12677786732e-15
      ], 
      "dvar2": [
        0.000480188755319, 
        1.25287870105e-05, 
        2.35161792261e-06, 
        7.22718823454e-07, 
        3.25865471495e-06, 
        1.19208539218e-06, 
        1.80206768619e-06, 
        1.17453203075e-06, 
        4.37731415559e-07, 
        2.43264963729e-07, 
        1.06809274314e-07, 
        3.88892580361e-08, 
        1.85822788268e-08, 
        1.99233767262e-08, 
        1.0392850136e-08, 
        8.19759815585e-09, 
        4.5495176515e-09, 
        2.85789814036e-09, 
        3.14468895368e-09, 
        1.71756064926e-09, 
        1.30259270037e-09, 
        8.90758689032e-10, 
        1.26662158539e-09, 
        6.71089295246e-10, 
        2.52063397932e-10, 
        4.67537564219e-10, 
        5.72234259977e-10, 
        1.08696475432e-10, 
        4.90672780185e-11, 
        4.38235524258e-11, 
        4.18322008977e-11, 
        1.69481859102e-11, 
        6.44994084184e-12, 
        2.02423373202e-11, 
        1.31486976255e-12, 
        6.37032473213e-14, 
        2.06564739001e-14, 
        1.31016091666e-14, 
        9.86191312532e-15, 
        7.65522627927e-15
      ], 
      "max": [
        0.150813922286, 
        0.0427099205554, 
        0.0185757968575, 
        0.012527438812, 
        0.0230397190899, 
        0.0158190820366, 
        0.0196590162814, 
        0.0240585803986, 
        0.00705918576568, 
        0.00605160463601, 
        0.00616270396858, 
        0.00349735259078, 
        0.00222833012231, 
        0.00256759440526, 
        0.00185040081851, 
        0.00201807590201, 
        0.00115975714289, 
        0.000934207171667, 
        0.000758591224439, 
        0.00069130747579, 
        0.000869778508786, 
        0.000454688910395, 
        0.000450104882475, 
        0.0004176471557, 
        0.000379186996724, 
        0.00055921508465, 
        0.000394529633923, 
        0.000263295747573, 
        0.00017268389638, 
        0.000135378781124, 
        0.000132919914904, 
        8.58704297571e-05, 
        4.39725663455e-05, 
        5.97502548771e-05, 
        1.40839274536e-05, 
        3.93292293666e-06, 
        1.78244795279e-06, 
        1.1562938198e-06, 
        9.99253188638e-07, 
        8.64646892751e-07
      ], 
      "mean": [
        0.00672068307176, 
        0.00153108360246, 
        0.000700158241671, 
        0.000402641337132, 
        0.000822007132228, 
        0.000584044260904, 
        0.000603122985922, 
        0.000481890921947, 
        0.000287477363599, 
        0.000216731146793, 
        0.000138495306601, 
        8.57641352923e-05, 
        7.41560434108e-05, 
        7.60122711654e-05, 
        5.10449317517e-05, 
        5.09121127834e-05, 
        4.38093156845e-05, 
        2.91411906801e-05, 
        2.77125109278e-05, 
        2.07505454455e-05, 
        1.67340822372e-05, 
        1.26518380057e-05, 
        1.25496735564e-05, 
        9.47815260588e-06, 
        6.66544974592e-06, 
        7.36859692552e-06, 
        6.87708416081e-06, 
        3.7198856262e-06, 
        2.46725608122e-06, 
        2.06720005735e-06, 
        1.72202396698e-06, 
        1.07750372536e-06, 
        6.63271237045e-07, 
        5.749778893e-07, 
        2.31014709584e-07, 
        9.18314242426e-08, 
        5.53481136478e-08, 
        3.92559087459e-08, 
        3.17813473316e-08, 
        2.72010147739e-08
      ], 
      "median": [
        0.00210646842606, 
        0.000715842354111, 
        0.000338127574651, 
        0.000205276737688, 
        0.000300917658024, 
        0.000266586343059, 
        0.000290651922114, 
        0.000227727388847, 
        0.000103645397758, 
        0.000101033685496, 
        6.91343957442e-05, 
        4.4963813707e-05, 
        4.45081896032e-05, 
        4.4009560952e-05, 
        2.71107783192e-05, 
        2.95907248073e-05, 
        2.7345118724e-05, 
        1.56992173288e-05, 
        1.54655772349e-05, 
        1.10865694296e-05, 
        8.73071530805e-06, 
        5.70710471948e-06, 
        4.39671339336e-06, 
        3.66378117178e-06, 
        2.46382455771e-06, 
        2.2742146939e-06, 
        1.61974810453e-06, 
        1.1303023939e-06, 
        8.45831664265e-07, 
        5.61347405892e-07, 
        3.81299287255e-07, 
        2.37336820419e-07, 
        1.40794981007e-07, 
        8.43919849558e-08, 
        4.89264984083e-08, 
        2.77421410289e-08, 
        1.76077925573e-08, 
        1.21015011345e-08, 
        9.16920583904e-09, 
        7.49093853614e-09
      ], 
      "min": [
        1.13262065252e-24, 
        5.48983341604e-25, 
        2.31047596986e-24, 
        1.05206592397e-24, 
        3.04495240984e-24, 
        3.46195039801e-24, 
        2.08538456853e-24, 
        2.79728518991e-24, 
        3.66431333615e-24, 
        4.31394857464e-24, 
        4.70797197503e-24, 
        3.74517157894e-24, 
        4.35251519544e-24, 
        1.93525368864e-24, 
        3.96386669883e-24, 
        3.91652755034e-24, 
        5.70345685057e-24, 
        2.02324776996e-24, 
        6.61114150736e-24, 
        6.07162454592e-24, 
        3.5752671116e-24, 
        6.12879408459e-24, 
        3.44230500046e-24, 
        2.41794426591e-24, 
        3.81037487706e-24, 
        4.18760224548e-24, 
        5.69362606597e-24, 
        6.29852579138e-24, 
        7.07980416558e-24, 
        7.0498211403e-24, 
        4.94009666297e-24, 
        6.12799812393e-24, 
        5.69433919623e-24, 
        6.38166739206e-24, 
        6.43656540574e-24, 
        6.90370911229e-24, 
        7.48265728608e-24, 
        5.62937847283e-24, 
        7.07254585639e-24, 
        7.0349739892e-24
      ], 
      "var": [
        0.000178437316208, 
        6.59226907374e-06, 
        1.29397346882e-06, 
        4.10573932186e-07, 
        2.04042294172e-06, 
        8.4204225459e-07, 
        1.16005730888e-06, 
        5.86936380387e-07, 
        2.58257898622e-07, 
        1.32752262516e-07, 
        5.72754395023e-08, 
        1.93213622879e-08, 
        9.74410951926e-09, 
        1.05832622666e-08, 
        6.58531851272e-09, 
        5.17679232814e-09, 
        3.17844861542e-09, 
        1.692166407e-09, 
        1.52453516478e-09, 
        1.05977537856e-09, 
        8.00574939674e-10, 
